0.5092
-0.1532
0.0843
-0.057
0.0427
-0.0341
0.0283
-0.0242
0.0211
-0.0187
0.0169
-0.0153
0.0141
-0.013
0.0121
-0.0113
0.0106
-0.01
0.0094
-0.0089
0.0085
-0.0081
0.0077
-0.0074
0.0071
-0.0068
0.0065
-0.0063
0.0061
-0.0059
0.0057
-0.0055
0.0053
-0.0051
0.005
-0.0048
0.0047
-0.0046
0.0045
-0.0043
0.0042
-0.0041
0.004
-0.0039
0.0038
-0.0037
0.0036
-0.0036
0.0035
-0.0034
0.0033
-0.0032
0.0032
-0.0031
0.003
-0.003
0.0029
-0.0029
0.0028
-0.0027
0.0027
-0.0026
0.0026
-0.0025
0.0025
-0.0024
0.0024
-0.0024
0.0023
-0.0023
0.0022
-0.0022
0.0022
-0.0021
0.0021
-0.002
0.002
-0.002
0.0019
-0.0019
0.0019
-0.0019
0.0018
-0.0018
0.0018
-0.0017
0.0017
-0.0017
0.0017
-0.0016
0.0016
-0.0016
0.0015
-0.0015
0.0015
-0.0015
0.0015
-0.0014
0.0014
-0.0014
0.0014
-0.0013
0.0013
-0.0013
0.0013
-0.0013
0.0013
-0.0012
0.0012
-0.0012
0.0012
-0.0012
0.0011
-0.0011
0.0011
-0.0011
0.0011
-0.0011
0.001
-0.001
0.001
-0.001
0.001
-0.001
0.001
-0.0009
0.0009
-0.0009
0.0009
-0.0009
0.0009
-0.0009
0.0009
-0.0008
0.0008
-0.0008
0.0008
-0.0008
0.0008
-0.0008
0.0008
-0.0007
0.0007
-0.0007
0.0007
-0.0007
0.0007
-0.0007
0.0007
-0.0007
0.0007
-0.0006
0.0006
-0.0006
0.0006
-0.0006
0.0006
-0.0006
0.0006
-0.0006
0.0006
-0.0006
0.0005
-0.0005
0.0005
-0.0005
0.0005
-0.0005
0.0005
-0.0005
0.0005
-0.0005
0.0005
-0.0005
0.0005
-0.0004
0.0004
-0.0004
0.0004
-0.0004
0.0004
-0.0004
0.0004
-0.0004
0.0004
-0.0004
0.0004
-0.0004
0.0004
-0.0004
0.0003
-0.0003
0.0003
-0.0003
0.0003
-0.0003
0.0003
-0.0003
0.0003
-0.0003
0.0003
-0.0003
0.0003
-0.0003
0.0003
-0.0003
0.0003
-0.0003
0.0002
-0.0002
0.0002
-0.0002
0.0002
-0.0002
0.0002
-0.0002
0.0002
-0.0002
0.0002
-0.0002
0.0002
-0.0002
0.0002
-0.0002
0.0002
-0.0002
0.0002
-0.0002
0.0002
-0.0002
0.0001
-0.0001
0.0001
-0.0001
0.0001
-0.0001
0.0001
-0.0001
0.0001
-0.0001
0.0001
-0.0001
0.0001
-0.0001
0.0001
-0.0001
0.0001
-0.0001
0.0001
-0.0001
0.0001
-0.0001
0.0001
-0.0001
0.0001
-0.0001
0.0001
-0.0001
0.0
-0.0
0.0
-0.0
0.0
-0.0
0.0
-0.0
0.0
-0.0
0.0
-0.0
0.0
-0.0
0.0
-0.0
0.0
0.0
-0.0
0.0
-0.0
0.0
-0.0
0.0
-0.0
0.0
-0.0
0.0
-0.0
0.0
-0.0
0.0
-0.0
0.0
-0.0
0.0
-0.0001
0.0001
-0.0001
0.0001
-0.0001
0.0001
-0.0001
0.0001
-0.0001
0.0001
-0.0001
0.0001
-0.0001
0.0001
-0.0001
0.0001
-0.0001
0.0001
-0.0001
0.0001
-0.0001
0.0001
-0.0001
0.0001
-0.0001
0.0001
-0.0001
0.0001
-0.0001
0.0001
-0.0001
0.0001
-0.0001
0.0001
-0.0001
0.0001
-0.0001
0.0001
-0.0001
0.0001
-0.0001
0.0001
-0.0001
0.0001
-0.0001
0.0001
-0.0001
0.0001
-0.0001
0.0001
-0.0002
0.0002
-0.0002
0.0002
-0.0002
0.0002
-0.0002
0.0002
-0.0002
0.0002
-0.0002
0.0002
-0.0002
0.0002
-0.0002
0.0002
-0.0002
0.0002
-0.0002
0.0002
-0.0002
0.0002
-0.0002
0.0002
-0.0002
0.0002
-0.0002
0.0002
-0.0002
0.0002
-0.0002
0.0002
-0.0002
0.0002
-0.0002
0.0002
-0.0002
0.0002
-0.0002
0.0002
-0.0002
0.0002
-0.0002
0.0002
-0.0002
0.0002
-0.0002
0.0002
-0.0002
0.0002
-0.0002
0.0002
-0.0002
0.0002
-0.0002
0.0002
-0.0002
0.0002
-0.0002
0.0002
-0.0002
0.0002
-0.0002
0.0002
-0.0002
0.0002
-0.0002
0.0002
-0.0002
0.0002
-0.0002
0.0002
-0.0002
0.0002
-0.0002
0.0002
-0.0002
0.0003
-0.0003
0.0003
-0.0003
0.0003
-0.0003
0.0003
-0.0003
0.0003
-0.0003
0.0003
-0.0003
0.0003
-0.0003
0.0003
-0.0003
0.0003
-0.0003
0.0003
-0.0003
0.0003
-0.0003
0.0003
-0.0003
0.0003
-0.0003
0.0003
-0.0003
0.0003
-0.0003
0.0003
-0.0003
0.0003
-0.0003
0.0003
-0.0003
0.0003
-0.0003
0.0003
-0.0003
0.0003
-0.0003
0.0003
-0.0003
0.0003
-0.0003
0.0003
-0.0003
0.0003
-0.0003
0.0003
-0.0003
0.0003
-0.0003
0.0003
-0.0003
0.0003
-0.0003
0.0003
-0.0003
0.0003
-0.0003
0.0003
-0.0003
0.0003
-0.0003
0.0003
-0.0003
0.0003
-0.0003
0.0003
-0.0003
0.0003
-0.0003
0.0003
-0.0003
0.0003
-0.0003
0.0003
-0.0003
0.0003
-0.0003
0.0003
-0.0003
0.0003
-0.0003
0.0003
-0.0003
0.0003
-0.0003
0.0003
-0.0003
0.0003
-0.0003
0.0003
-0.0003
0.0003
-0.0003
0.0003
-0.0003
0.0003
-0.0003
0.0003
-0.0003
0.0003
-0.0003
0.0003
-0.0003
0.0003
-0.0003
0.0003
-0.0003
0.0003
-0.0003
0.0003
-0.0003
0.0003
-0.0003
0.0003
-0.0003
0.0003
-0.0003
0.0003
-0.0003
0.0003
-0.0003
0.0003
-0.0003
0.0003
-0.0003
0.0003
-0.0003
0.0003
-0.0003
0.0003
-0.0003
0.0003
-0.0003
0.0003
-0.0003
0.0003
-0.0003
0.0003
-0.0003
0.0003
-0.0004
0.0004
-0.0004
0.0004
-0.0004
0.0004
-0.0004
0.0004
-0.0004
0.0004
-0.0004
0.0004
-0.0004
0.0004
-0.0004
0.0004
-0.0004
0.0004
-0.0004
0.0004
-0.0004
0.0004
-0.0004
0.0004
-0.0004
0.0004
-0.0004
0.0004
-0.0004
0.0004
-0.0004
0.0004
-0.0004
0.0004
-0.0004
0.0004
-0.0004
0.0004
-0.0004
0.0004
-0.0004
0.0004
-0.0004
0.0004
-0.0004
0.0004
-0.0004
0.0004
-0.0004
0.0004
-0.0004
0.0004
-0.0004
0.0004
-0.0004
0.0004
-0.0004
0.0004
-0.0004
0.0004
-0.0004
0.0004
-0.0004
0.0004
-0.0004
0.0004
-0.0004
0.0004
-0.0004
0.0004
-0.0004
0.0004
-0.0004
0.0004
-0.0004
0.0004
-0.0004
0.0004
-0.0004
0.0004
-0.0004
0.0004
-0.0004
0.0004
-0.0004
0.0004
-0.0004
0.0004
-0.0004
0.0004
-0.0004
0.0004
-0.0004
0.0004
-0.0004
0.0004
-0.0004
0.0004
-0.0004
0.0004
-0.0004
0.0004
-0.0004
0.0004
-0.0004
0.0004
-0.0004
0.0004
-0.0004
0.0004
-0.0004
0.0004
-0.0004
0.0004
-0.0004
0.0004
-0.0004
0.0004
-0.0004
0.0004
-0.0004
0.0004
-0.0004
0.0004
-0.0004
0.0004
-0.0004
0.0004
-0.0004
0.0004
-0.0004
0.0004
-0.0004
0.0004
-0.0004
0.0004
-0.0004
0.0004
-0.0004
0.0004
-0.0004
0.0004
-0.0004
0.0004
-0.0004
0.0004
-0.0004
0.0004
-0.0004
0.0004
-0.0004
0.0004
-0.0004
0.0004
-0.0004
0.0004
-0.0004
0.0004
-0.0004
0.0004
-0.0004
0.0004
-0.0004
0.0004
-0.0004
0.0004
-0.0004
0.0004
-0.0004
0.0004
-0.0004
0.0004
-0.0004
0.0004
-0.0004
0.0004
-0.0004
0.0004
-0.0004
0.0004
-0.0004
0.0004
-0.0004
0.0004
-0.0004
0.0004
-0.0004
0.0004
-0.0004
0.0004
-0.0004
0.0004
-0.0004
0.0004
-0.0004
0.0004
-0.0004
0.0004
-0.0004
0.0004
-0.0004
0.0004
-0.0004
0.0004
-0.0004
0.0004
-0.0004
0.0004
-0.0004
0.0004
-0.0004
0.0004
-0.0004
0.0004
-0.0004
0.0004
-0.0004
0.0004
-0.0004
0.0004
-0.0004
0.0004
-0.0004
0.0004
-0.0004
0.0004
-0.0004
0.0004
-0.0004
0.0004
-0.0004
0.0004
-0.0004
0.0004
-0.0004
0.0004
-0.0004
0.0004
-0.0004
0.0004
-0.0004
0.0004
-0.0004
0.0004
-0.0004
0.0004
-0.0004
0.0004
-0.0004
0.0004
-0.0004
0.0004
-0.0004
0.0004
-0.0004
0.0004
-0.0004
0.0004
-0.0004
0.0004
-0.0004
0.0004
-0.0004
0.0004
-0.0004
0.0004
-0.0004
0.0004
-0.0004
0.0004
-0.0004
0.0004
-0.0004
0.0004
-0.0004
0.0004
-0.0004
0.0004
-0.0004
0.0004
-0.0004
0.0004
-0.0004
0.0004
-0.0004
0.0004
-0.0004
0.0004
-0.0004
0.0004
-0.0004
0.0004
-0.0004
0.0004
-0.0004
0.0004
-0.0004
0.0004
-0.0004
0.0004
-0.0004
0.0004
-0.0004
0.0004
-0.0004
0.0004
-0.0004
0.0004
-0.0004
0.0004
-0.0004
0.0004
-0.0004
0.0004
-0.0004
0.0004
-0.0004
0.0004
-0.0004
0.0004
-0.0004
0.0004
-0.0004
0.0004
-0.0004
0.0004
-0.0004
0.0004
-0.0004
0.0004
-0.0004
0.0004
-0.0004
0.0004
-0.0004
0.0004
-0.0004
0.0004
-0.0004
0.0004
-0.0004
0.0004
-0.0004
0.0004
-0.0004
0.0004
-0.0004
0.0004
-0.0004
0.0004
-0.0004
0.0004
-0.0004
0.0004
-0.0004
0.0004
-0.0004
0.0004
-0.0004
0.0004
-0.0004
0.0004
-0.0004
0.0004
-0.0004
0.0004
-0.0004
0.0004
-0.0004
0.0004
-0.0004
0.0004
-0.0004
0.0004
-0.0004
0.0004
-0.0004
0.0004
-0.0004
0.0004
-0.0004
0.0004
-0.0004
0.0004
-0.0004
0.0004
-0.0004
0.0004
-0.0004
0.0004
-0.0004
0.0004
-0.0004
0.0004
-0.0004
0.0004
-0.0004
0.0004
-0.0004
0.0004
-0.0004
0.0004
-0.0004
0.0004
-0.0004
0.0004
-0.0004
0.0004
-0.0004
0.0004
-0.0004
0.0004
-0.0004
0.0004
-0.0004
0.0004
-0.0004
0.0004
-0.0004
0.0004
-0.0004
0.0004
-0.0004
0.0004
-0.0004
0.0004
-0.0004
0.0004
-0.0004
0.0004
-0.0004
0.0004
-0.0004
0.0004
-0.0004
0.0004
-0.0004
0.0004
-0.0004
0.0004
-0.0004
0.0004
-0.0004
0.0004
-0.0004
0.0004
-0.0004
0.0004
-0.0004
0.0004
-0.0004
0.0004
-0.0004
0.0004
-0.0004
0.0004
-0.0004
0.0004
-0.0004
0.0004
-0.0004
0.0004
-0.0004
0.0004
-0.0004
0.0004
-0.0004
0.0004
-0.0004
0.0004
-0.0004
0.0004
-0.0004
0.0004
-0.0004
0.0004
-0.0004
0.0004
-0.0004
0.0004
-0.0004
0.0004
-0.0004
0.0004
-0.0004
0.0004
-0.0004
0.0004
-0.0004
0.0004
-0.0004
0.0004
-0.0004
0.0004
-0.0004
0.0004
-0.0004
0.0004
-0.0004
0.0004
-0.0004
0.0004
-0.0004
0.0004
-0.0004
0.0004
-0.0004
0.0004
-0.0004
0.0004
-0.0004
0.0004
-0.0004
0.0004
-0.0004
0.0004
-0.0004
0.0004
-0.0004
0.0004
-0.0004
0.0004
-0.0004
0.0004
-0.0004
0.0004
-0.0004
0.0004
-0.0004
0.0004
-0.0004
0.0004
-0.0004
0.0004
-0.0004
0.0004
-0.0004
0.0004
-0.0004
0.0004
-0.0004
0.0004
-0.0004
0.0004
-0.0004
0.0004
-0.0004
0.0004
-0.0004
0.0004
-0.0004
0.0004
-0.0004
0.0004
-0.0004
0.0004
-0.0004
0.0004
-0.0004
0.0004
-0.0004
0.0004
-0.0004
0.0004
-0.0004
0.0004
-0.0004
0.0004
-0.0004
0.0004
-0.0004
0.0004
-0.0004
0.0004
-0.0004
0.0004
-0.0004
0.0004
-0.0004
0.0004
-0.0004
0.0004
-0.0004
0.0004
-0.0004
0.0004
-0.0004
0.0004
-0.0004
0.0004
-0.0004
0.0004
-0.0004
0.0004
-0.0004
0.0004
-0.0004
0.0004
-0.0004
0.0004
-0.0004
0.0004
-0.0004
0.0004
-0.0004
0.0004
-0.0004
0.0004
-0.0004
0.0004
-0.0004
0.0004
-0.0004
0.0004
-0.0004
0.0004
-0.0004
0.0004
-0.0004
0.0004
-0.0004
0.0004
-0.0004
0.0004
-0.0004
0.0004
-0.0004
0.0004
-0.0004
0.0004
-0.0004
0.0004
-0.0004
0.0004
-0.0004
0.0004
-0.0004
0.0004
-0.0004
0.0004
-0.0004
0.0004
-0.0004
0.0004
-0.0004
0.0004
-0.0004
0.0004
-0.0004
0.0004
-0.0004
0.0004
-0.0004
0.0004
-0.0004
0.0004
-0.0004
0.0004
-0.0004
0.0004
-0.0004
0.0004
-0.0004
0.0004
-0.0004
0.0004
-0.0004
0.0004
-0.0004
0.0004
-0.0003
0.0003
-0.0003
0.0003
-0.0003
0.0003
-0.0003
0.0003
-0.0003
0.0003
-0.0003
0.0003
-0.0003
0.0003
-0.0003
0.0002
-0.0002
0.0002
-0.0002
0.0002
-0.0001
0.0001
-0.0
-0.0
0.0001
-0.0002
0.0004
-0.0006
0.001
-0.002
0.0064
0.028
0.0129
0.0188
0.0005
0.0011
-0.0004
0.0016
0.0002
0.0021
0.0009
0.0029
0.0018
0.0037
0.0029
0.0045
0.0037
0.0057
0.0051
0.007
0.0057
0.0079
0.0074
0.0096
0.0088
0.0112
0.0114
0.012
0.0124
0.0138
0.0133
0.0157
0.0163
0.0178
0.0186
0.02
0.021
0.0264
0.0233
0.0243
0.0248
0.0286
0.0265
0.0295
0.0323
0.035
0.0373
0.0402
0.036
0.0398
0.039
0.0391
0.0447
0.0491
0.0458
0.0479
0.0467
0.0502
0.0504
0.0597
0.0628
0.0633
0.0565
0.0661
0.0606
0.0665
0.0764
0.0736
0.068
0.0758
0.0784
0.0797
0.0853
0.091
0.0774
0.0889
0.0917
0.0973
0.087
0.0912
0.0993
0.096
0.1056
0.0985
0.1008
0.1142
0.1144
0.1107
0.1037
0.1163
0.1235
0.1218
0.1158
0.1307
0.1332
0.1284
0.1263
0.1325
0.1586
0.1443
0.138
0.148
0.1615
0.1403
0.1491
0.1718
0.1652
0.1667
0.151
0.1949
0.1781
0.1694
0.1807
0.1827
0.194
0.1738
0.1944
0.1917
0.1915
0.1936
0.2075
0.19
0.2122
0.2129
0.1905
0.2157
0.2379
0.1985
0.2147
0.2438
0.2256
0.2194
0.2482
0.235
0.2323
0.2626
0.2427
0.2341
0.2861
0.2614
0.2274
0.2797
0.2693
0.2636
0.292
0.275
0.2853
0.2648
0.299
0.2655
0.2759
0.2902
0.3005
0.296
0.292
0.31
0.2859
0.3075
0.3072
0.3131
0.3249
0.3373
0.315
0.3386
0.3308
0.3378
0.3543
0.3377
0.3599
0.3599
0.3322
0.361
0.3664
0.3562
0.3556
0.3489
0.3614
0.3743
0.3626
0.3701
0.3782
0.3754
0.3686
0.3971
0.3642
0.4382
0.3642
0.4195
0.3974
0.4076
0.4499
0.3774
0.4424
0.412
0.4148
0.4351
0.4222
0.4251
0.4034
0.462
0.4014
0.4411
0.4274
0.4517
0.428
0.4249
0.4864
0.4248
0.4838
0.4488
0.4708
0.4466
0.4801
0.4705
0.5161
0.4734
0.4695
0.5049
0.4794
0.5082
0.4597
0.4731
0.4905
0.5114
0.4638
0.51
0.4772
0.5274
0.5047
0.5472
0.4845
0.5443
0.4994
0.5993
0.4948
0.582
0.5179
0.5294
0.5703
0.542
0.5448
0.5364
0.5473
0.552
0.5369
0.5574
0.5301
0.5855
0.5475
0.5879
0.5683
0.5938
0.5703
0.6152
0.5945
0.6001
0.5924
0.6399
0.5953
0.5961
0.586
0.5879
0.6192
0.5903
0.6067
0.5819
0.6302
0.6081
0.6401
0.6185
0.6199
0.6339
0.6827
0.6342
0.6719
0.6407
0.6958
0.646
0.6508
0.637
0.6948
0.6234
0.6326
0.6659
0.6376
0.6714
0.6965
0.6665
0.7064
0.6585
0.7196
0.6627
0.7338
0.6847
0.7557
0.6697
0.7214
0.6957
0.69
0.6987
0.6817
0.6815
0.7091
0.7211
0.7014
0.7454
0.7065
0.7411
0.7072
0.7582
0.7098
0.7489
0.7419
0.7348
0.7371
0.6952
0.7634
0.6904
0.7224
0.721
0.7445
0.736
0.7501
0.7581
0.7375
0.7897
0.7366
0.7879
0.7797
0.7738
0.7599
0.7289
0.7694
0.7693
0.7271
0.7652
0.792
0.7798
0.7913
0.7899
0.7801
0.7628
0.8203
0.7842
0.8258
0.8256
0.8017
0.7989
0.7938
0.782
0.8245
0.7731
0.78
0.8026
0.8262
0.826
0.8487
0.8208
0.8443
0.8463
0.8525
0.8163
0.8727
0.8503
0.835
0.849
0.8219
0.8133
0.8373
0.8609
0.876
0.8421
0.8618
0.8702
0.888
0.8762
0.9123
0.8488
0.9151
0.8767
0.8379
0.8735
0.8602
0.8616
0.8625
0.832
0.8797
0.9074
0.8646
0.8653
0.9189
0.9299
0.8732
0.9145
0.9286
0.8604
0.8876
0.8944
0.8947
0.8364
0.9085
0.9026
0.901
0.9041
0.8697
0.9608
0.9314
0.9168
0.9269
0.938
0.9369
0.9045
0.9266
0.9279
0.8574
0.8818
0.9374
0.9101
0.9305
0.8849
0.9413
0.9612
0.9108
0.9616
0.9759
0.9509
0.9676
0.932
0.9337
0.9592
0.8928
0.9756
0.9484
0.9753
0.9749
0.8811
1.0671
0.9713
1.0162
0.9632
1.0457
0.9816
0.9846
0.9609
0.9513
0.9153
0.9993
0.9366
0.9989
0.9557
0.9735
1.0791
1.0185
0.9757
1.0669
1.0444
1.0091
0.9886
0.9718
0.9608
0.9738
0.9883
1.0045
0.9893
1.0116
0.9615
1.0467
1.0263
1.0083
1.0916
1.0164
1.0332
1.0039
0.9865
0.969
0.9561
1.0367
0.9826
1.0201
0.9727
1.0087
1.0662
1.0243
1.0439
1.0043
1.0677
0.9797
1.0282
1.0339
0.9918
0.9836
1.0716
0.9955
1.0766
0.9985
1.0532
1.0415
1.0299
1.0979
1.0635
1.045
1.0404
1.0059
1.0397
0.9784
1.0593
1.0376
1.0899
1.0077
1.036
1.1737
1.0464
1.1063
1.0287
1.1282
1.0348
1.1048
1.0718
1.081
1.0486
1.0535
1.0996
1.059
1.0541
1.1487
1.1144
1.1068
1.077
1.1552
1.0484
1.0705
1.0845
1.1014
1.05
1.0647
1.0847
1.1026
1.1081
1.076
1.1647
1.0831
1.1156
1.1305
1.0613
1.0549
1.1012
1.1219
1.0516
1.0935
1.0799
1.1043
1.0374
1.1196
1.1472
1.0989
1.1145
1.1331
1.1184
1.055
1.0932
1.0933
1.0885
1.1039
1.089
1.1226
1.0795
1.1032
1.1519
1.1252
1.1329
1.148
1.1192
1.1227
1.0851
1.1102
1.0442
1.1733
1.1142
1.1502
1.135
1.1176
1.2356
1.0851
1.1922
1.1698
1.166
1.109
1.1488
1.1386
1.128
1.0974
1.1397
1.1928
1.1114
1.1573
1.1884
1.175
1.1743
1.1906
1.1543
1.1322
1.1195
1.1189
1.123
1.1513
1.1446
1.1832
1.1889
1.1619
1.1892
1.1303
1.1881
1.1882
1.1405
1.0907
1.1678
1.1117
1.1174
1.1615
1.1594
1.18
1.1369
1.2063
1.1551
1.1407
1.2288
1.1709
1.1636
1.1518
1.1977
1.1273
1.1435
1.1477
1.1795
1.1369
1.1362
1.2389
1.1793
1.1674
1.2415
1.1556
1.1688
1.1394
1.1765
1.1012
1.194
1.1725
1.2038
1.1687
1.1973
1.2374
1.1626
1.225
1.1984
1.1966
1.1642
1.1942
1.1765
1.1687
1.1589
1.225
1.198
1.1668
1.2416
1.2554
1.2205
1.2169
1.2283
1.1709
1.1908
1.1818
1.1602
1.1553
1.1941
1.2081
1.2244
1.1733
1.2447
1.2439
1.2321
1.2373
1.1988
1.1898
1.1911
1.2174
1.1329
1.237
1.203
1.2016
1.1848
1.232
1.2189
1.2116
1.2509
1.2394
1.1941
1.1912
1.204
1.1674
1.1711
1.1913
1.2302
1.1916
1.2082
1.2396
1.1919
1.2573
1.2351
1.1967
1.1988
1.1896
1.2015
1.185
1.2289
1.1993
1.2559
1.1989
1.2823
1.2389
1.2454
1.2678
1.2522
1.2055
1.204
1.2226
1.1856
1.2103
1.2444
1.2589
1.2171
1.261
1.2993
1.2664
1.2593
1.2838
1.2419
1.2431
1.241
1.2274
1.2006
1.2428
1.2132
1.2533
1.2319
1.2471
1.2804
1.2447
1.2727
1.2404
1.1727
1.245
1.1917
1.1805
1.2438
1.2157
1.2809
1.2324
1.29
1.2669
1.2524
1.2626
1.2484
1.2109
1.2195
1.2138
1.1784
1.2248
1.24
1.2301
1.2059
1.2442
1.2769
1.2228
1.3015
1.2702
1.245
1.2028
1.247
1.2281
1.2318
1.2447
1.2919
1.2654
1.2392
1.331
1.2512
1.2934
1.2806
1.2481
1.2364
1.2691
1.2293
1.2568
1.241
1.2878
1.2441
1.2611
1.3005
1.3007
1.2846
1.3148
1.2864
1.2232
1.2521
1.2288
1.2527
1.2564
1.2961
1.2829
1.2668
1.2737
1.3326
1.2859
1.2963
1.2749
1.2516
1.2599
1.2563
1.2057
1.2826
1.2768
1.2877
1.2471
1.3335
1.2971
1.2604
1.287
1.2907
1.2329
1.2526
1.25
1.2157
1.2494
1.2554
1.2855
1.2279
1.287
1.2859
1.2789
1.3269
1.2865
1.2438
1.2678
1.2659
1.2244
1.2857
1.2546
1.3057
1.2633
1.3095
1.3235
1.2743
1.3205
1.3281
1.2626
1.2875
1.3049
1.2521
1.258
1.299
1.3166
1.2727
1.3138
1.3296
1.3222
1.3147
1.3296
1.2785
1.2946
1.2688
1.2792
1.2588
1.2939
1.3063
1.3182
1.2783
1.3713
1.2934
1.3277
1.3276
1.292
1.2449
1.3141
1.2298
1.2357
1.2458
1.3169
1.3283
1.312
1.3266
1.2743
1.3077
1.3127
1.2773
1.2629
1.2854
1.2209
1.2465
1.3055
1.2815
1.2636
1.2838
1.3327
1.2459
1.3443
1.3158
1.2943
1.2586
1.2985
1.2577
1.26
1.3151
1.3214
1.2883
1.3149
1.3634
1.2312
1.3362
1.3559
1.2999
1.2701
1.2971
1.2668
1.279
1.3084
1.352
1.2899
1.3023
1.3656
1.3074
1.3431
1.3749
1.2842
1.2908
1.2865
1.267
1.2713
1.3079
1.3127
1.3449
1.2571
1.3791
1.3142
1.3294
1.3264
1.2821
1.2425
1.3176
1.223
1.2773
1.2774
1.3313
1.3024
1.3121
1.3296
1.2898
1.3107
1.3305
1.2865
1.2682
1.2959
1.2392
1.2725
1.2894
1.3021
1.2924
1.3165
1.3491
1.2969
1.3331
1.3371
1.3159
1.2862
1.3066
1.2586
1.2765
1.3112
1.3494
1.3217
1.3125
1.3563
1.3147
1.3527
1.3571
1.3393
1.3059
1.3201
1.2814
1.2796
1.3104
1.3742
1.32
1.3426
1.35
1.3262
1.3434
1.3467
1.2897
1.306
1.324
1.2948
1.2839
1.3182
1.3405
1.326
1.3199
1.3565
1.3206
1.3458
1.3229
1.2897
1.2903
1.3345
1.2202
1.2906
1.2865
1.3623
1.3227
1.3421
1.325
1.2766
1.3118
1.3287
1.2816
1.2857
1.283
1.2689
1.2841
1.3068
1.348
1.3049
1.3436
1.3514
1.3069
1.3457
1.3262
1.3132
1.3177
1.3007
1.2497
1.2864
1.3053
1.3647
1.3049
1.3278
1.3411
1.3209
1.3422
1.34
1.3262
1.3284
1.3013
1.2834
1.3195
1.356
1.3074
1.2942
1.366
1.3375
1.3398
1.3699
1.3088
1.2828
1.3232
1.2907
1.285
1.2898
1.3123
1.3543
1.3237
1.356
1.365
1.3536
1.3618
1.3247
1.2586
1.3485
1.2614
1.2879
1.3134
1.3564
1.3185
1.3142
1.3808
1.2978
1.338
1.3585
1.3212
1.2481
1.3408
1.2738
1.2966
1.2958
1.3345
1.3092
1.295
1.37
1.3217
1.3603
1.3512
1.3357
1.2833
1.3578
1.26
1.3083
1.3393
1.3748
1.3186
1.3587
1.3739
1.3128
1.3895
1.3645
1.3339
1.3184
1.3308
1.2666
1.3025
1.335
1.3581
1.3229
1.3984
1.3646
1.3456
1.3586
1.3753
1.3448
1.299
1.3531
1.3034
1.3073
1.3406
1.3573
1.329
1.3486
1.3803
1.3519
1.3606
1.354
1.3165
1.338
1.3337
1.2607
1.2999
1.356
1.3499
1.3308
1.3801
1.3271
1.3294
1.3395
1.3608
1.3084
1.3231
1.2822
1.2729
1.3007
1.3391
1.3554
1.3053
1.348
1.3477
1.3216
1.3474
1.3293
1.2947
1.3294
1.2698
1.3015
1.3203
1.3394
1.3324
1.3216
1.3853
1.2961
1.3718
1.3769
1.3672
1.3023
1.3456
1.2832
1.326
1.3207
1.3858
1.3268
1.366
1.38
1.3619
1.3914
1.3893
1.3587
1.2991
1.3056
1.2795
1.315
1.3172
1.3611
1.3537
1.3629
1.3737
1.3579
1.3537
1.3825
1.323
1.3025
1.3571
1.262
1.3037
1.3412
1.3572
1.3339
1.4028
1.371
1.316
1.3496
1.3503
1.3317
1.3402
1.3008
1.2936
1.2864
1.3438
1.3375
1.3335
1.3894
1.3608
1.3394
1.346
1.3369
1.3114
1.3199
1.2948
1.2876
1.3283
1.3431
1.3493
1.3216
1.3692
1.3378
1.3705
1.3852
1.3559
1.3062
1.3297
1.3011
1.3621
1.3372
1.3933
1.3372
1.376
1.3868
1.3776
1.3842
1.398
1.3668
1.2828
1.3248
1.3013
1.3158
1.3334
1.3632
1.3453
1.3352
1.3941
1.3384
1.35
1.4025
1.3252
1.3018
1.3562
1.2866
1.3173
1.3344
1.3785
1.3587
1.3742
1.3609
1.3556
1.3582
1.3577
1.3467
1.3374
1.3015
1.2998
1.3148
1.3508
1.3565
1.3123
1.3847
1.3595
1.3271
1.3738
1.3454
1.3042
1.3613
1.3162
1.3099
1.3391
1.3393
1.3504
1.3314
1.4068
1.3383
1.3501
1.3788
1.3459
1.3112
1.3581
1.3036
1.3539
1.333
1.3989
1.3267
1.3637
1.3823
1.3575
1.3515
1.3983
1.343
1.3308
1.362
1.2901
1.335
1.3557
1.3738
1.3447
1.3563
1.3647
1.3761
1.375
1.3984
1.322
1.3508
1.33
1.2838
1.341
1.3401
1.3893
1.3176
1.3665
1.3434
1.3411
1.356
1.35
1.3088
1.3343
1.278
1.3257
1.3383
1.3586
1.319
1.311
1.3773
1.3534
1.3656
1.384
1.3449
1.3159
1.3731
1.2796
1.3127
1.3596
1.3796
1.3666
1.3675
1.3849
1.3709
1.4023
1.3828
1.3694
1.3158
1.3601
1.2988
1.3373
1.3224
1.4138
1.3466
1.4099
1.4016
1.3718
1.3673
1.4106
1.3699
1.3415
1.3562
1.2996
1.3471
1.3398
1.3954
1.3465
1.3607
1.3954
1.352
1.3685
1.3577
1.3238
1.3377
1.2981
1.2971
1.3439
1.3708
1.3539
1.3474
1.3915
1.379
1.3457
1.3913
1.363
1.3211
1.36
1.2886
1.3098
1.3067
1.3788
1.331
1.3194
1.3702
1.3624
1.3347
1.373
1.3389
1.291
1.3555
1.3011
1.317
1.3193
1.392
1.3351
1.3779
1.415
1.3686
1.3588
1.3541
1.362
1.3519
1.3395
1.3009
1.3541
1.3518
1.3866
1.3384
1.3989
1.3847
1.3553
1.3647
1.374
1.2986
1.3636
1.3292
1.3328
1.3222
1.3617
1.3743
1.3269
1.359
1.4218
1.351
1.3956
1.4059
1.3019
1.3554
1.2902
1.3201
1.3378
1.3574
1.3369
1.3435
1.3881
1.34
1.3568
1.3723
1.3372
1.2979
1.3501
1.3467
1.3099
1.3439
1.3855
1.3306
1.3689
1.4028
1.3635
1.3202
1.3941
1.3463
1.3261
1.3452
1.3022
1.3194
1.3468
1.3715
1.3533
1.3718
1.3652
1.3658
1.3807
1.4028
1.3076
1.3671
1.328
1.3235
1.3378
1.3853
1.3633
1.3287
1.3932
1.4049
1.3724
1.409
1.3996
1.3169
1.3504
1.3168
1.3381
1.3281
1.4005
1.3848
1.3759
1.4082
1.406
1.362
1.4046
1.3324
1.3254
1.3398
1.2927
1.3155
1.343
1.3696
1.3559
1.3461
1.3752
1.3493
1.365
1.3763
1.3139
1.3403
1.3176
1.3047
1.3053
1.3633
1.3752
1.2993
1.4135
1.3836
1.3738
1.3683
1.367
1.3256
1.3373
1.3332
1.3183
1.3341
1.3562
1.3655
1.3427
1.4059
1.3774
1.3821
1.3706
1.3836
1.3265
1.3589
1.3497
1.3274
1.3555
1.3948
1.3936
1.368
1.4091
1.3536
1.3742
1.3922
1.353
1.3486
1.3592
1.3366
1.3295
1.3469
1.4154
1.3479
1.3667
1.4129
1.4095
1.3726
1.4497
1.2927
1.3555
1.3403
1.2792
1.3483
1.3615
1.3499
1.3284
1.3807
1.3731
1.3569
1.3972
1.347
1.3417
1.3385
1.3227
1.3171
1.3169
1.3631
1.36
1.3354
1.3992
1.3718
1.3793
1.3924
1.3491
1.319
1.3502
1.2967
1.3467
1.3216
1.3587
1.3361
1.3784
1.4024
1.3782
1.3821
1.4245
1.3549
1.3392
1.3606
1.3187
1.3467
1.3795
1.3983
1.3305
1.4067
1.3858
1.3867
1.4006
1.4428
1.3333
1.3671
1.3581
1.3276
1.3624
1.3853
1.4212
1.3693
1.3775
1.4045
1.3721
1.3903
1.3635
1.3077
1.3953
1.2715
1.3655
1.352
1.3605
1.3438
1.3757
1.3999
1.3719
1.3599
1.3921
1.3561
1.3384
1.3366
1.3073
1.3294
1.3567
1.3782
1.326
1.3875
1.3647
1.3598
1.3769
1.3828
1.3586
1.3531
1.3282
1.3089
1.3556
1.3843
1.3994
1.3533
1.3945
1.3956
1.3785
1.4073
1.3846
1.3349
1.3687
1.3241
1.3591
1.3541
1.4225
1.3715
1.3744
1.4252
1.3785
1.3967
1.4169
1.4055
1.3244
1.3754
1.3593
1.3313
1.3636
1.3869
1.3638
1.367
1.4125
1.3827
1.3957
1.4048
1.3224
1.3572
1.3266
1.3031
1.3781
1.338
1.3793
1.3316
1.413
1.3806
1.3824
1.392
1.3747
1.3068
1.3337
1.2953
1.3083
1.3355
1.3934
1.3526
1.3553
1.3929
1.3556
1.3606
1.3858
1.366
1.3306
1.3596
1.3488
1.3418
1.3715
1.4048
1.364
1.3755
1.4013
1.3925
1.4065
1.4022
1.3421
1.3604
1.3406
1.3408
1.3581
1.3922
1.4102
1.3461
1.4268
1.3895
1.3871
1.4111
1.4058
1.3448
1.3678
1.3745
1.3316
1.3597
1.3966
1.3711
1.3598
1.4352
1.4164
1.3745
1.4121
1.3412
1.3324
1.334
1.3101
1.3638
1.3754
1.3823
1.3233
1.3842
1.3941
1.3749
1.4211
1.4011
1.3692
1.3825
1.3371
1.3562
1.3872
1.3815
1.398
1.3811
1.4438
1.4284
1.4128
1.4539
1.3827
1.3967
1.4177
1.3865
1.4505
1.494
1.5165
1.5009
1.6175
1.4284
1.5418
1.5525
1.5341
1.3696
1.5703
1.5106
1.5241
1.5786
1.4938
1.6276
1.6235
1.6156
1.6694
1.7319
1.5803
1.6484
1.6468
1.5903
1.6605
1.636
1.6646
1.7117
1.8589
1.6127
1.7702
1.699
1.671
1.7414
1.7544
1.7552
1.7478
1.753
1.8336
1.8374
1.8764
1.7908
1.8417
1.8385
1.804
1.8444
1.8528
1.8564
1.8686
1.9501
2.0154
1.914
1.9444
1.9176
1.9131
1.9266
1.8954
1.9544
1.9762
2.0758
2.0502
1.9469
1.997
2.2136
1.8709
2.1138
2.0225
2.024
2.0751
2.072
2.185
2.1189
2.0678
2.2463
2.1816
2.1171
2.0292
2.1779
2.1957
2.1744
2.2267
2.2112
2.3704
2.2814
2.1393
2.1239
2.1984
2.1114
2.1993
2.2323
2.3266
2.3202
2.3354
2.2377
2.3606
2.1419
2.3447
2.1784
2.4143
2.2398
2.3108
2.3443
2.2277
2.4758
2.2648
2.2531
2.4163
2.2109
2.5567
2.2669
2.5331
2.3588
2.5754
2.4399
2.5038
2.2095
2.5541
2.3027
2.6133
2.3928
2.7169
2.4473
2.6781
2.3271
2.5852
2.3908
2.5454
2.5587
2.4493
2.6813
2.5658
2.7408
2.3053
2.729
2.2988
2.7386
2.5065
2.6496
2.5736
2.6101
2.6808
2.5949
2.6764
2.3475
2.7514
2.4543
2.7765
2.6202
2.7121
2.6882
2.7033
2.6431
2.4361
2.7398
2.6127
2.7378
2.786
2.7073
2.8975
2.753
2.8155
2.5546
2.8215
2.7867
2.7242
2.9982
2.7257
3.0048
2.6645
2.8666
2.9557
2.6451
2.8642
2.7608
2.9338
2.9846
2.8347
2.9702
2.707
2.7266
2.9508
2.7816
2.9503
2.8982
2.9797
2.9197
2.7127
3.0278
2.7637
2.8863
3.0333
2.9576
3.0004
2.9197
2.8912
2.9528
2.7859
3.0898
3.0078
2.8981
3.1705
2.9015
3.2409
3.0136
2.9261
2.983
3.0714
2.9187
3.1802
3.0544
3.1649
3.2691
2.9369
3.0567
3.1153
3.1061
3.0354
3.2139
3.0982
3.2999
3.009
2.9844
3.0794
3.2044
2.9746
3.281
3.1141
3.2593
3.1196
3.0317
3.0038
3.2608
3.0594
3.1719
3.1947
3.1917
3.3258
3.0906
2.9972
3.1917
3.241
3.0708
3.3438
3.273
3.204
3.325
3.2941
3.0478
3.3128
3.3157
3.2588
3.2514
3.3629
3.2021
3.3895
3.2458
3.2615
3.2887
3.4551
3.2474
3.413
3.3454
3.0719
3.1171
3.4042
3.2815
3.2774
3.4143
3.3891
3.1645
3.3728
3.2752
3.2436
3.3294
3.3909
3.1957
3.5214
3.3004
3.2325
3.185
3.3315
3.3025
3.3795
3.5556
3.5166
3.4163
3.4066
3.3136
3.4123
3.3664
3.5318
3.4784
3.4771
3.6332
3.3592
3.2892
3.3628
3.4933
3.456
3.538
3.5439
3.3877
3.3071
3.3035
3.4345
3.5297
3.4632
3.5377
3.5329
3.5573
3.4199
3.4331
3.4114
3.3406
3.527
3.4948
3.5244
3.5558
3.4258
3.3891
3.4885
3.506
3.5304
3.5165
3.6033
3.6966
3.4856
3.5554
3.6273
3.5451
3.5425
3.7056
3.5516
3.5361
3.4852
3.584
3.6357
3.7284
3.6196
3.7325
3.6497
3.5761
3.3818
3.483
3.689
3.5337
3.5363
3.7205
3.5431
3.4266
3.5246
3.5892
3.6062
3.5657
3.8077
3.6306
3.482
3.525
3.6032
3.5936
3.5456
3.5418
3.7328
3.646
3.605
3.6748
3.5338
3.657
3.6885
3.6566
3.7204
3.7583
3.5176
3.6548
3.6558
3.8067
3.7153
3.7015
3.8746
3.7714
3.6464
3.5785
3.6096
3.8026
3.7443
3.7659
3.7872
3.7471
3.6761
3.4866
3.7853
3.8081
3.5675
3.8139
3.7385
3.7876
3.4862
3.6039
3.7744
3.7663
3.7483
3.8569
3.8425
3.7061
3.5864
3.6134
3.7261
3.886
3.8486
3.8576
3.8149
3.7182
3.7608
3.6836
3.8116
3.7683
4.0039
3.9055
3.676
3.6859
3.8066
3.7823
3.7836
3.7434
3.9231
3.667
3.6581
3.7403
3.7471
3.894
3.771
3.9033
3.9284
3.6857
3.6316
3.6035
3.7678
3.7969
3.9594
3.8291
3.7718
3.9354
3.7022
3.9089
3.7964
3.975
3.8608
4.0174
3.8149
3.7756
3.7685
3.8873
3.8859
3.6573
3.9334
3.9559
3.8407
3.7516
3.7382
3.8611
3.8036
3.8965
3.907
3.8427
3.7663
3.8221
3.8013
3.872
3.7476
4.0026
3.801
3.9607
3.7831
3.759
3.9382
3.8768
3.9317
4.0071
3.873
3.7861
3.6892
3.9913
3.9508
3.9931
3.9325
3.8872
3.8307
3.8719
3.896
4.0195
3.8998
3.8737
4.182
3.8302
3.8327
3.581
3.8777
3.9349
3.9662
3.9842
4.0236
3.9683
3.7955
3.8316
3.8917
3.9184
4.0207
4.0919
3.8028
3.8762
3.7423
3.9501
3.8781
3.9225
4.1088
4.0647
3.9602
3.9103
3.8793
3.947
4.0998
4.0365
4.1202
3.8984
3.7915
3.8275
3.9394
4.0351
3.9529
4.104
4.0057
3.8922
3.8707
3.8983
4.0103
4.1022
4.104
3.8889
3.8414
3.8436
3.773
3.9775
3.9028
4.0397
4.073
4.0556
3.7612
3.8864
3.9458
4.0138
4.0138
4.1536
3.95
3.8966
3.8587
3.928
4.0393
4.0207
4.0023
4.0805
4.0087
4.023
3.9798
3.9033
4.0896
4.0006
4.2594
4.09
4.0259
4.0222
3.9395
3.8894
3.9868
4.032
3.9179
3.9677
3.9678
3.9933
4.0607
3.9508
4.032
4.1697
3.9895
3.8713
3.8245
3.9674
3.9871
4.0611
4.1127
4.0017
4.0445
3.9989
4.0073
4.1239
4.0154
4.1418
4.099
4.1471
4.0885
4.0972
4.1042
4.0704
3.9475
4.2371
3.996
4.0562
3.8395
4.0201
4.1352
4.0684
3.9526
3.9782
3.9051
4.0557
3.8758
4.1596
4.0935
4.1406
4.1113
4.1021
3.9314
3.916
3.9816
4.0174
4.1631
4.2037
4.1121
3.9421
4.0476
4.0978
4.0305
4.16
4.1863
4.1563
4.0031
4.1306
4.0411
4.2458
4.1307
4.0654
4.3026
4.0464
4.06
3.9649
4.0115
4.1314
4.1989
4.1254
4.0715
4.0396
3.9123
4.0002
4.2307
4.1354
4.1823
4.053
4.1069
4.0145
3.9806
4.024
4.0979
4.137
4.23
4.0722
4.0588
3.9223
4.1821
4.0699
4.1659
4.1936
4.1194
4.0672
4.0609
4.0059
4.2073
4.0405
4.2136
4.2067
4.0518
4.1926
4.0513
4.2101
4.1045
4.0278
4.1637
4.0909
4.144
4.0179
4.063
4.0475
4.2397
4.1431
4.1016
4.0448
3.9455
4.1303
4.212
4.1257
4.2316
4.09
4.1116
4.0079
3.9964
4.2275
4.1311
4.2036
4.1887
4.3128
4.1833
4.1549
4.1964
4.2474
4.2025
4.2437
4.2657
4.0961
3.9674
4.1257
4.059
4.1352
4.2266
4.0876
4.1403
4.1259
3.9999
4.1865
4.2405
4.1067
4.1159
4.1453
4.026
4.029
4.2041
4.1363
4.2837
4.3391
4.2461
4.141
4.1153
4.1141
4.2415
4.2789
4.3004
4.1707
4.1734
4.1064
4.2325
4.17
4.1038
4.3236
4.1757
4.0959
3.9886
4.0676
4.1846
4.1075
4.3222
4.1471
4.0871
4.0486
4.0466
4.2171
4.1705
4.2929
4.1361
4.1233
4.119
4.0601
4.184
4.0589
4.2316
4.3177
4.2386
4.223
3.9686
4.2913
4.0674
4.3001
4.2548
4.3007
4.1217
4.0683
4.0009
4.3429
4.1381
4.3012
4.2798
4.0727
4.0669
4.0259
4.2149
4.2374
4.2047
4.1708
4.0592
4.0294
4.0676
4.2192
4.1278
4.2503
4.2354
4.1528
4.1919
3.9265
4.2172
4.2428
4.1866
4.355
4.1701
4.2041
4.0835
4.2403
4.2358
4.2798
4.4101
4.3004
4.2415
4.1316
4.1431
4.2998
4.2059
4.2163
4.3495
4.1098
4.2685
3.9785
4.213
4.2084
4.3782
4.2584
4.045
3.9314
4.0056
4.0773
4.1723
4.142
4.2732
4.1647
4.1062
4.0189
4.1991
4.1518
4.1993
4.2569
4.3526
4.2447
4.1876
4.208
4.1865
4.2649
4.2837
4.3434
4.35
4.2077
4.1182
4.2506
4.1936
4.3647
4.3339
4.1698
4.1492
4.1083
4.1229
4.2646
4.2674
4.3141
4.1151
4.1181
3.9718
4.2263
4.3383
4.2142
4.3727
4.0842
4.1909
4.1072
4.2147
4.3122
4.2598
4.2682
4.2269
4.2033
4.1127
4.0943
4.3065
4.3121
4.3595
4.3093
4.2696
4.2769
4.2069
4.1686
4.3916
4.3647
4.4237
4.2655
4.1322
4.1338
4.2499
4.3235
4.1632
4.2995
4.2772
4.1527
4.1124
4.1226
4.1248
4.2579
4.2961
4.2575
4.2331
4.1011
4.1946
4.2873
4.3195
4.3505
4.3263
4.1433
4.2031
4.1066
4.3029
4.2541
4.5003
4.3634
4.3488
4.2501
4.1673
4.2259
4.2313
4.3707
4.3195
4.0793
4.1779
4.0737
4.3811
4.3134
4.3358
4.3535
4.096
4.0144
4.0983
4.3664
4.1492
4.2865
4.1786
4.1789
4.3735
4.1186
4.1991
4.303
4.34
4.34
4.313
4.3751
4.1556
4.3445
4.3328
4.3265
4.3469
4.3102
4.2431
4.3915
4.1837
4.3109
4.4253
4.3588
4.4167
4.2405
4.2244
4.0128
4.3158
4.1803
4.5043
4.4166
4.3457
4.1392
4.1424
4.2095
4.2227
4.2994
4.391
4.1747
4.1547
4.208
4.2449
4.1957
4.3026
4.3828
4.204
4.1741
4.2464
4.1305
4.3708
4.2011
4.3589
4.3294
4.1524
4.252
4.1361
4.333
4.3836
4.3984
4.2361
4.1739
4.1939
4.0823
4.2767
4.2724
4.3435
4.1585
4.1606
4.126
4.176
4.2156
4.2492
4.3132
4.2304
4.2035
4.3479
4.2015
4.3045
4.4082
4.3117
4.427
4.3631
4.3356
4.1104
4.3042
4.3462
4.3028
4.4413
4.3017
4.1577
4.3088
4.1213
4.4201
4.2717
4.3803
4.3745
4.2352
4.2916
4.1509
4.3322
4.2388
4.3047
4.3347
4.3195
4.1084
4.1621
4.3073
4.2565
4.3074
4.4477
4.1869
4.1548
4.1217
4.2503
4.3032
4.3343
4.3531
4.2711
4.1693
4.2069
4.3073
4.2677
4.2733
4.4433
4.3236
4.2376
4.1823
4.2442
4.4069
4.2518
4.4526
4.2656
4.1832
4.2264
4.1593
4.3279
4.2981
4.2956
4.2041
4.0717
4.1125
4.1928
4.2318
4.2121
4.3059
4.2749
4.1337
4.2719
4.1194
4.3293
4.2746
4.3874
4.2931
4.2594
4.0966
4.1987
4.1897
4.3506
4.3686
4.439
4.4152
4.3075
4.232
4.3543
4.3297
4.3164
4.4444
4.2735
4.156
4.2287
4.3331
4.3503
4.3014
4.3884
4.1138
4.2102
4.1383
4.2732
4.3544
4.2397
4.4389
4.2849
4.272
4.1716
4.1508
4.3264
4.306
4.3796
4.2595
4.3518
4.2417
4.1356
4.3043
4.3232
4.4545
4.3283
4.348
4.3077
4.2769
4.499
4.3708
4.2874
4.4428
4.2363
4.2961
4.2788
4.2595
4.3387
4.3336
4.4544
4.2291
4.3237
4.1568
4.288
4.1676
4.3299
4.4874
4.346
4.1867
4.1897
4.2506
4.1979
4.2796
4.3998
4.3809
4.312
4.2891
4.2518
4.3699
4.4482
4.4532
4.4413
4.3182
4.2357
4.3577
4.3962
4.2679
4.2666
4.5177
4.1941
4.3591
4.1902
4.2883
4.304
4.3418
4.4476
4.3725
4.1972
4.1974
4.2794
4.151
4.3726
4.3306
4.2549
4.1472
4.1314
4.3363
4.4057
4.3782
4.351
4.2388
4.2583
4.2507
4.3142
4.512
4.4734
4.5578
4.3087
4.1662
4.1238
4.2192
4.3248
4.2908
4.4403
4.2476
4.1915
4.2081
4.2253
4.416
4.2552
4.4142
4.2435
4.2453
4.0582
4.1875
4.2808
4.3854
4.3465
4.2049
4.3014
4.1921
4.2595
4.3811
4.2901
4.3748
4.2954
4.3076
4.3137
4.2114
4.2786
4.4007
4.4365
4.4959
4.1979
4.2921
4.2299
4.3659
4.389
4.4282
4.508
4.2229
4.2744
4.2399
4.3489
4.3312
4.3244
4.3585
4.1189
4.1945
4.1976
4.3581
4.3282
4.3173
4.4222
4.3436
4.2426
4.1747
4.1513
4.2298
4.3195
4.5353
4.3374
4.2606
4.1933
4.2545
4.2875
4.3378
4.4833
4.4864
4.2809
4.1872
4.1745
4.4298
4.3478
4.5479
4.4913
4.1521
4.1992
4.2751
4.3737
4.2972
4.3675
4.3024
4.2817
4.2176
4.1191
4.2886
4.28
4.2636
4.4517
4.2565
4.2456
4.1209
4.3792
4.2864
4.3781
4.3806
4.4606
4.3607
4.2652
4.2682
4.3121
4.3419
4.4171
4.3625
4.3371
4.2148
4.2926
4.4165
4.3912
4.6014
4.3518
4.2368
4.4474
4.1971
4.4068
4.2899
4.5089
4.3231
4.2654
4.2582
4.1777
4.1946
4.3651
4.4343
4.3305
4.2931
4.2248
4.2853
4.2855
4.2621
4.3208
4.4386
4.3134
4.2462
4.1845
4.4507
4.416
4.3759
4.396
4.4859
4.4149
4.1118
4.4102
4.4356
4.4634
4.5688
4.3053
4.3408
4.1762
4.3336
4.1589
4.4222
4.4233
4.4603
4.1893
4.2038
4.2387
4.2172
4.4066
4.346
4.3059
4.1792
4.1932
4.271
4.3871
4.2719
4.4184
4.3161
4.2471
4.2718
4.124
4.3386
4.2721
4.4008
4.4972
4.3174
4.2896
4.3339
4.3986
4.3092
4.4801
4.376
4.3457
4.2438
4.251
4.3814
4.1993
4.3881
4.3155
4.2443
4.2511
4.2646
4.3152
4.4265
4.3637
4.3432
4.1556
4.3663
4.2006
4.3626
4.3195
4.3338
4.3519
4.3599
4.2477
4.1714
4.2743
4.3263
4.3588
4.4228
4.3364
4.3286
4.2361
4.1807
4.4428
4.3444
4.5743
4.4467
4.1761
4.322
4.1757
4.3559
4.3868
4.3917
4.389
4.1742
4.1894
4.276
4.38
4.4028
4.3619
4.2985
4.3052
4.3131
4.2023
4.2933
4.3268
4.5522
4.3342
4.2179
4.2762
4.2461
4.3672
4.3146
4.3355
4.4606
4.3976
4.3052
4.229
4.2558
4.3282
4.319
4.4548
4.2358
4.2715
4.2375
4.353
4.3182
4.4781
4.4584
4.0979
4.1982
4.0873
4.3662
4.3693
4.418
4.3094
4.2991
4.1303
4.2585
4.1933
4.3908
4.376
4.5329
4.3253
4.3322
4.2555
4.2338
4.3058
4.5257
4.3558
4.3898
4.3398
4.3746
4.2318
4.3237
4.4027
4.4804
4.4216
4.1553
4.2046
4.159
4.3961
4.3814
4.4644
4.3408
4.1844
4.189
4.2521
4.3844
4.2858
4.3846
4.3679
4.2007
4.2477
4.1877
4.3417
4.4819
4.3496
4.3289
4.2788
4.3429
4.1999
4.4152
4.4862
4.3526
4.4269
4.4469
4.1814
4.3036
4.297
4.366
4.4265
4.5017
4.292
4.1339
4.289
4.3884
4.3927
4.3794
4.4049
4.3385
4.1319
4.2446
4.2177
4.3291
4.2996
4.4195
4.3708
4.3625
4.2539
4.1904
4.2724
4.4213
4.5123
4.2854
4.3961
4.1716
4.3053
4.3516
4.3574
4.4746
4.3555
4.3103
4.3583
4.3056
4.368
4.4014
4.454
4.6334
4.3095
4.2247
4.1308
4.3943
4.2629
4.4705
4.3376
4.3582
4.4273
4.1912
4.2219
4.3535
4.2988
4.5109
4.4897
4.2266
4.3188
4.2575
4.4766
4.2812
4.4039
4.4929
4.2731
4.441
4.442
4.5079
4.6432
4.4017
4.4999
4.2558
4.3754
4.5682
4.4543
4.6454
4.7062
4.5189
4.3967
4.2845
4.3775
4.5336
4.6486
4.6406
4.329
4.3683
4.385
4.4039
4.3485
4.608
4.8184
4.6114
4.5427
4.6897
4.5459
4.6682
4.5999
4.7847
4.7034
4.5428
4.5571
4.8374
4.7578
4.8717
4.8113
4.5845
4.7073
4.6608
4.6325
4.6873
4.8159
4.7853
4.4881
4.8144
4.8549
4.8462
5.0105
5.1744
4.8673
4.846
4.8285
5.1072
4.859
4.8121
4.7175
4.9091
4.8437
4.7876
4.8252
4.9253
5.0939
5.3068
5.1967
5.1551
5.1577
5.0539
5.2702
5.243
5.4569
5.0828
5.2588
5.278
5.4259
5.5094
5.7026
5.458
5.2755
5.3949
5.1949
5.2288
5.487
5.7463
5.1264
5.1847
5.1197
5.1779
5.4474
5.5247
5.5946
5.0932
5.3687
5.4634
5.548
5.571
5.5807
5.4018
5.6976
5.6537
5.9632
6.0769
5.6113
5.7182
5.8878
5.8211
5.7559
5.806
5.8713
5.6075
5.5128
5.8519
5.7619
6.0414
5.7006
5.7811
5.6057
5.9369
6.027
6.0841
5.9711
5.9216
5.5077
5.9316
5.6605
6.3834
5.7724
6.0011
6.02
6.0294
6.0324
6.1011
5.9634
6.0543
6.0361
6.1794
6.4313
6.123
6.3038
6.1998
5.8825
6.1816
6.2683
6.3552
6.5334
6.2524
6.3566
5.9503
6.4073
6.1624
6.3889
6.0469
6.4672
6.0964
6.2573
6.1226
6.4253
6.3603
6.2756
6.5112
6.2282
6.4461
6.1668
6.4115
6.3823
6.7453
6.4186
6.7538
6.5297
6.3162
6.3522
6.3526
6.5296
6.5178
6.3969
6.5637
6.5942
6.4487
6.5456
6.6187
6.5599
6.6815
6.532
6.6993
6.9288
6.6422
6.6964
6.5409
6.4964
6.7825
6.9354
7.0451
6.7
6.5606
6.5953
6.9606
7.3344
6.677
6.5999
6.6956
6.8126
6.877
6.8869
6.7516
6.6737
6.9393
6.8117
6.7147
6.7101
6.6663
6.91
6.8467
7.0733
6.902
6.9937
6.9856
6.7364
7.0512
7.5296
7.1921
7.2122
6.5154
7.2836
7.0065
7.5127
7.1945
6.8227
7.1752
7.0646
7.1104
7.147
7.1895
6.9523
7.0985
6.9835
7.3917
7.5354
7.1056
7.1007
7.3189
7.5178
7.0283
7.0274
6.8652
7.5603
7.2446
7.4332
7.325
7.2103
6.8772
7.6638
7.3009
7.396
7.2577
7.3625
7.2859
7.4226
7.5053
7.5679
7.5845
7.0405
7.455
7.5007
7.4878
7.0229
7.1512
7.2445
7.4268
7.5235
7.5306
7.6515
6.8713
7.5235
7.5855
7.6671
7.3813
7.0167
7.4781
7.5409
7.9722
7.676
7.2638
7.6271
7.5069
7.5648
7.2541
7.372
7.4509
7.4273
7.6036
7.7786
7.7103
7.1224
7.6344
7.68
7.7729
7.6009
7.3835
7.4634
7.8234
7.7393
7.5764
7.564
7.3692
7.7069
7.6724
8.044
7.8504
7.3243
7.658
7.7011
7.8905
7.5815
7.6603
7.3896
7.5216
7.6475
7.5814
7.6239
7.216
7.3036
7.5589
7.7643
8.11
7.6266
7.4753
7.6662
8.1192
7.7824
8.1037
7.6668
7.889
7.9067
7.9767
8.0442
7.6739
7.5671
7.7324
7.8027
7.5392
7.655
7.5736
7.6358
7.5895
7.8467
7.7842
7.4835
7.5668
7.8928
7.9131
8.1216
7.8285
7.579
8.0426
8.016
7.9836
8.0536
7.6077
7.8321
7.7673
8.2368
7.7917
7.8384
7.7398
7.9365
7.859
7.5613
7.6203
7.9384
8.018
7.7157
8.0562
7.5712
7.8979
8.0228
8.0572
8.3
7.8383
7.8
7.8681
8.1111
7.8957
8.1801
8.0118
7.917
7.8164
8.0432
8.4345
7.5491
8.1891
8.0225
8.265
8.0993
7.9355
7.7599
8.0489
7.9851
8.0286
7.9915
7.7546
7.9986
8.0218
7.9944
8.0311
7.96
7.763
8.0864
8.4419
8.3837
8.1583
8.2981
8.2993
8.4014
8.176
7.696
7.877
8.173
8.2404
8.2034
7.9794
8.0351
7.9728
8.0795
8.5316
8.023
7.8614
7.8619
8.0098
8.5977
8.359
7.9506
8.3906
8.3463
8.5764
8.1228
8.0068
8.3075
8.1018
8.6223
8.8117
7.8043
8.1853
7.8128
8.37
8.3569
7.9715
7.981
8.1633
8.2431
8.7011
8.3116
8.2079
8.2055
8.243
8.5028
8.0308
8.0479
8.4037
8.3152
8.7438
8.4513
7.8036
8.4086
8.355
8.5352
8.5972
8.1198
8.109
8.6699
8.3895
8.3764
7.8559
8.111
8.0514
8.4439
8.3507
7.9807
7.9877
8.1239
8.5088
8.7545
8.0776
8.1288
8.3426
8.449
8.8573
8.5377
8.3687
8.3396
8.398
8.5423
8.092
8.0111
8.4636
8.4064
8.6438
8.3196
8.3264
8.2764
8.314
8.3805
8.5905
8.1253
8.5063
8.5448
8.7875
8.3648
8.3363
8.2819
8.2964
8.3614
8.3971
8.3259
8.4108
8.5736
8.499
8.4501
8.2373
8.2803
8.7179
8.2319
8.2433
8.5364
8.1065
8.4692
8.3133
8.3865
8.395
8.1193
8.3645
8.4931
8.738
8.437
8.4099
8.7461
8.4261
8.618
8.8551
8.2686
8.6079
8.4907
8.4951
8.601
8.1323
8.2856
8.353
8.7244
8.7149
7.8984
8.3059
8.3439
8.5079
8.5625
8.0545
8.0139
8.9199
8.6711
9.0448
8.2108
8.2623
8.5131
8.7821
8.9012
8.5523
8.204
8.3787
8.7112
8.6855
8.4909
8.4221
8.4548
8.4209
8.6379
8.3148
8.135
8.4025
8.4403
8.4609
8.1778
8.2422
8.2326
8.7417
8.5865
8.767
8.1305
8.627
8.7909
8.5196
8.9106
8.2742
8.5797
8.5549
9.0041
8.9687
8.3612
8.477
8.6243
8.7147
8.5983
8.2749
7.937
8.8723
8.9246
8.8926
8.3106
8.7329
8.6011
8.7628
8.9361
8.4399
8.3977
8.5582
8.6663
9.0269
8.4292
8.5496
8.8892
8.332
9.1924
8.6924
8.5839
8.5534
9.0274
8.8155
8.4347
8.4005
8.2634
8.7552
8.9573
8.44
8.4128
8.5262
8.689
8.9778
8.5309
8.3717
8.5278
8.6237
8.9929
8.9736
8.2511
8.7352
8.8185
9.2053
8.6683
8.3998
8.7167
8.6707
8.973
8.6912
8.5079
8.2888
8.8045
8.4231
8.6408
8.2872
8.5976
8.5415
9.0513
8.9124
8.379
8.4578
8.6627
8.6733
8.8959
8.4327
8.437
8.6083
8.7247
8.592
8.449
8.396
8.6097
8.6762
8.6862
8.3723
8.6645
8.8876
8.4288
8.9949
8.0769
8.4275
8.579
8.5522
9.2095
8.6261
8.7104
8.6157
8.7779
9.1247
8.5905
8.8978
8.6906
9.3025
8.9129
8.7107
8.4692
8.4762
8.9342
9.1363
8.5866
8.7534
8.5403
8.5972
8.8726
8.648
8.3621
8.3085
8.8195
9.1155
8.532
8.555
8.8659
8.8768
9.0878
8.7303
8.6297
8.5634
9.1764
8.8965
8.7376
8.3608
8.4933
8.7886
8.9884
8.3742
8.816
8.7708
8.386
9.1557
8.5454
8.3842
8.5681
8.696
9.0839
8.9718
8.8516
8.7813
8.8802
9.0587
8.836
8.3226
8.5156
8.7417
9.0351
8.7101
8.7103
8.6472
8.9344
9.033
8.9696
8.2711
8.7871
8.6494
8.6517
8.7816
8.3935
8.8872
8.8025
9.1064
8.8198
8.3636
8.4772
9.037
9.2347
8.9987
8.8837
8.5834
9.2339
8.9564
8.9313
8.7242
8.7022
9.0075
8.8512
8.7936
8.8657
8.804
8.3797
8.8908
8.896
8.6525
8.8936
8.4706
9.039
8.9421
8.427
8.3932
8.9095
8.8944
9.1543
8.6725
8.4853
8.877
8.7446
8.9415
8.6875
9.0301
8.8146
9.0151
8.7025
8.6792
8.6358
8.9709
8.7279
8.8403
8.6468
8.9113
8.5058
8.8924
9.0746
8.8242
8.267
8.8766
9.0791
8.9054
8.8107
8.6471
9.2975
8.9295
9.1146
8.5827
8.7118
8.874
8.9518
9.0992
8.6956
8.3425
8.8643
8.9469
8.8642
8.6294
8.6904
8.6389
8.7519
9.5018
9.0236
8.7323
8.8838
8.9818
9.0662
8.6704
8.9672
8.8903
8.9094
9.1503
8.6444
8.7462
9.1166
9.2348
8.8458
8.4903
8.7492
8.7614
8.7957
8.9291
8.4124
8.5728
9.0308
8.6478
9.0057
8.6518
8.6718
8.8659
8.9579
9.0521
8.9304
8.8045
8.7959
9.2521
9.085
8.6368
8.8632
9.0515
9.1935
8.6797
8.7067
9.0009
8.5464
8.4156
9.0022
8.6934
8.624
8.9073
8.8924
9.1424
8.7139
8.6661
9.1551
8.9159
9.4752
8.7214
8.676
8.6326
8.9055
9.2552
8.8393
8.6215
8.9322
8.9039
9.1432
8.6475
8.6892
8.6372
8.7605
9.1784
8.4035
8.7198
8.9809
8.5999
8.8621
8.8932
8.5266
9.1696
8.8743
9.0746
8.9531
8.8993
8.9028
8.942
9.0323
8.6009
8.9038
8.7049
9.1493
9.1117
8.6064
8.6901
8.6504
8.7068
8.9907
8.6042
8.7139
8.8865
8.9649
9.0846
8.6721
8.6057
9.1831
9.0477
9.0284
8.923
9.0877
8.8713
8.9116
9.0773
8.6448
8.8445
9.0969
8.903
8.7031
9.0433
8.29
8.9644
8.9858
8.9166
8.7228
8.6196
8.8995
9.2499
9.061
9.2846
8.7325
9.3983
9.0058
9.2934
8.8148
8.2377
9.0639
8.95
8.8935
8.7444
8.4515
8.7745
8.7766
8.8953
8.7701
8.5803
8.9094
8.6121
9.0803
8.9506
8.5769
8.7012
8.957
9.2059
8.9925
8.6049
9.0398
9.0971
9.0606
8.9484
8.9027
8.9259
9.2656
9.0108
8.9538
8.7731
8.8346
9.2268
9.1224
8.7919
8.5824
8.8422
8.9274
8.9171
8.6577
8.667
8.9309
8.912
9.1869
9.1585
8.7278
8.8807
9.2639
9.0552
8.7899
8.511
8.6105
9.2362
9.1125
8.6161
8.8803
9.0315
9.2108
9.1235
8.9695
8.7446
8.4265
8.9451
9.0493
8.3693
8.4596
8.7889
9.016
8.9817
9.0324
8.4856
9.299
9.3288
8.7646
9.0054
8.8279
9.0551
9.1933
9.503
8.9243
8.8767
8.9791
8.6887
8.981
8.5478
8.4216
8.9881
8.8254
9.1869
8.7065
8.6707
8.6545
8.6973
9.1418
8.8605
8.5429
8.9002
9.4242
8.8162
8.9462
8.5534
8.9889
9.2065
9.0713
8.8927
8.84
8.7593
9.3131
9.0041
8.7303
8.556
8.6951
8.9899
8.8789
8.6897
8.6314
9.0078
9.2398
8.7018
8.9007
8.7973
8.8258
9.3241
8.9512
8.6913
8.8043
8.8221
8.9186
9.0967
8.5612
8.3831
8.8738
8.9256
9.2526
8.8248
8.6249
8.9416
8.8964
9.1593
8.6069
8.739
8.5595
8.9572
9.4304
8.6529
8.6602
9.316
9.4065
9.056
8.9467
8.8824
8.9235
8.9353
9.1125
8.6209
8.9931
9.3993
9.4039
9.1453
8.9257
8.7997
8.6357
8.7293
9.2227
8.6773
8.7111
9.054
9.2597
8.9141
8.7435
8.9326
8.9771
9.2432
9.0232
8.6954
8.929
9.1825
9.4178
8.6558
8.4404
8.6712
9.2472
8.6753
8.9363
8.7664
8.6766
8.9556
8.7361
9.3183
8.5938
8.6853
8.9731
9.2538
9.0044
8.9167
8.7966
8.813
9.3551
8.7004
8.908
8.7829
8.8442
9.1432
9.4145
8.9492
8.5827
9.0066
8.8793
8.8133
8.6175
9.0461
8.8195
9.5343
9.2033
8.6739
8.6211
8.9113
9.2171
9.0952
8.8805
8.9115
9.0226
9.5391
9.1719
8.8946
8.8974
8.9953
9.2542
8.9742
8.9339
8.7486
8.9007
9.2759
9.0278
8.7715
8.2795
8.9182
8.8558
9.1715
8.7153
8.6813
9.0745
9.2446
8.9158
9.0187
9.0066
8.9227
9.2932
8.9624
8.9437
8.7667
8.8364
9.4605
9.2723
8.8381
8.8903
8.5675
9.0336
8.6512
8.6756
8.6845
8.9549
8.9335
9.1192
8.5371
8.767
8.6008
9.2872
8.6523
8.9372
8.5406
9.2138
9.0613
9.5149
8.7205
8.7396
8.9176
9.0106
9.0236
8.5621
8.7377
8.9836
9.3127
8.797
8.737
8.773
9.2112
9.2453
8.3363
8.5244
7.2154
8.6463
9.2966
8.7921
8.8491
8.5866
8.6854
8.9789
9.072
8.5382
8.7624
8.5839
8.7565
8.5051
8.4349
8.4377
8.6314
8.8516
8.8523
8.2496
8.6594
8.6104
8.5527
8.6786
8.7007
8.4148
8.5795
8.5207
8.752
7.9272
8.1612
8.5829
8.5394
8.3056
8.2258
8.2138
8.6058
8.428
8.406
8.1547
8.2588
8.1807
8.2613
8.043
7.6547
7.7704
7.8358
8.123
8.0391
7.9125
7.9216
8.0362
8.1129
8.358
8.4406
7.9203
8.0633
7.9699
7.8872
8.0043
7.8569
7.5986
7.9406
7.84
7.8792
7.8918
7.5755
7.95
7.6522
8.1661
8.0668
7.6174
7.5502
7.7435
7.6306
7.688
7.7021
7.491
7.2693
7.4183
7.8002
7.7451
7.6501
7.6964
7.4068
7.8237
7.5675
7.2887
7.4346
7.2541
7.6337
7.5461
7.3061
7.1831
7.2852
7.3878
7.4515
7.6283
7.3408
7.0765
7.0022
7.2125
7.533
7.3803
7.1901
7.1486
7.208
7.1551
6.9491
7.3332
6.9865
7.0768
7.1819
7.1707
7.2169
6.7134
6.9048
7.0245
7.2432
6.9554
6.8798
6.6612
6.9379
6.8293
7.1392
6.8799
6.666
7.055
6.6441
6.9886
6.7391
6.8165
6.7449
6.8389
6.723
6.896
6.7963
6.8798
6.7023
6.7025
6.9359
6.6763
6.7532
6.4412
6.4275
6.6277
6.3968
6.6675
6.4652
6.3651
6.1492
6.6369
6.4139
6.6278
6.3751
6.0454
6.322
6.2183
6.3497
6.4713
6.4819
6.2702
6.487
6.4661
6.3764
6.4714
6.3772
6.162
6.1789
6.5655
6.2157
6.4601
6.1361
6.2105
5.9544
6.2597
6.2014
6.3725
5.7552
5.9537
6.167
6.1232
6.1146
6.1712
5.9559
5.7553
6.0094
6.0726
5.9093
6.1164
5.993
6.0069
5.8113
6.1118
5.9082
5.9721
6.1326
5.7971
5.8969
5.9598
6.0225
6.1044
5.7925
5.69
5.7748
5.6865
5.8774
6.0394
5.7103
5.4093
5.6562
5.6328
5.8212
5.6342
6.0329
5.3487
5.8605
5.5095
5.7203
5.5043
5.721
5.6047
5.6186
5.4604
5.5865
5.6285
5.5024
5.5131
5.6819
5.4812
5.5556
5.5081
5.6704
5.5939
5.4218
5.2825
5.5568
5.5418
5.4493
5.5252
5.2621
5.2682
5.3044
5.4172
5.3866
5.5995
5.2867
5.1637
5.3154
5.0019
5.4452
5.2335
5.5082
5.087
5.4572
5.1548
5.4374
5.1494
5.6344
5.2844
5.4273
5.0208
5.3308
5.1372
5.3061
5.0327
5.2655
5.0321
5.0966
5.1478
5.0532
5.1566
4.999
4.613
4.9021
4.7102
5.0385
4.692
5.1413
4.8232
4.8077
4.829
4.7264
5.0016
4.8732
5.1839
4.7106
5.0245
4.6687
5.0534
4.7813
5.0709
4.9016
4.6206
4.6471
4.7586
4.8795
4.6636
4.9441
4.5787
4.5856
4.479
4.7073
4.5374
4.5858
4.543
4.5408
4.505
4.46
4.5003
4.6521
4.4254
4.9551
4.5679
4.401
4.6288
4.2243
4.7427
4.3018
4.7822
4.4732
4.5293
4.2069
4.5434
4.4375
4.4281
4.5103
4.5968
4.5034
4.3467
4.3554
4.4836
4.335
4.4589
4.406
4.2727
4.2828
4.2345
4.2714
4.234
4.2798
4.3654
4.1216
4.0875
4.194
4.1568
4.1816
4.2376
4.4866
3.9191
4.3517
3.8405
4.0366
4.1454
4.1722
4.2166
3.8749
4.3204
3.8393
4.2633
4.0251
4.3118
4.0201
4.0401
4.0085
4.0141
4.087
4.1793
4.0478
4.1623
3.955
4.0762
3.8469
4.0248
4.0161
4.1133
3.8517
4.1373
3.7719
4.0391
3.8965
3.928
3.7799
3.9977
3.9933
4.0872
3.5282
3.9834
3.4785
4.0032
3.7425
3.8399
3.8997
3.831
3.7592
3.6272
3.6105
3.9487
3.7699
3.9566
3.6626
3.7094
3.6536
3.6552
3.7363
3.7768
3.5958
3.7563
3.5004
3.6227
3.6076
3.5961
3.5981
3.7134
3.5572
3.681
3.4485
3.5705
3.5532
3.5026
3.4881
3.5718
3.4703
3.7248
3.3986
3.3607
3.6187
3.2735
3.6377
3.3481
3.5224
3.4669
3.5097
3.4073
3.423
3.4905
3.4696
3.356
3.4672
3.5248
3.3988
3.4906
3.447
3.3383
3.4659
3.4543
3.3156
3.3069
3.295
3.403
3.1119
3.3393
3.2972
3.2942
3.2186
3.3906
3.2186
3.2837
3.2156
3.0324
3.3212
3.0851
3.1847
3.36
3.3897
2.8583
3.2235
3.0369
3.0079
3.1848
3.0931
3.1333
3.1966
3.0807
3.0383
3.4589
2.8124
3.4379
2.9435
3.101
3.1642
3.0347
3.0387
3.0253
2.9768
3.0593
3.0742
2.9773
3.0723
3.0025
2.9324
2.9763
2.8123
2.9792
2.9241
2.9247
2.947
3.045
2.8872
2.9137
2.8885
2.7631
2.8865
2.805
2.9761
2.7015
3.0333
2.7562
2.7495
2.8038
2.735
2.876
2.83
2.8313
2.8774
2.7658
2.9
2.6519
2.8627
2.6216
2.7903
2.7448
2.7764
2.8368
2.7477
2.6926
2.6995
2.6909
2.715
2.6956
2.6989
2.7009
2.7672
2.6982
2.6277
2.7226
2.4837
2.8241
