0.1342
-0.0412
0.0222
-0.0143
0.0101
-0.0074
0.0056
-0.0043
0.0033
-0.0026
0.0019
-0.0015
0.0011
-0.0007
0.0004
-0.0002
-0.0
0.0002
-0.0003
0.0005
-0.0006
0.0007
-0.0008
0.0009
-0.001
0.001
-0.0011
0.0011
-0.0012
0.0012
-0.0013
0.0013
-0.0014
0.0014
-0.0014
0.0014
-0.0015
0.0015
-0.0015
0.0015
-0.0016
0.0016
-0.0016
0.0016
-0.0016
0.0016
-0.0016
0.0016
-0.0017
0.0017
-0.0017
0.0017
-0.0017
0.0017
-0.0017
0.0017
-0.0017
0.0017
-0.0017
0.0017
-0.0017
0.0017
-0.0017
0.0017
-0.0018
0.0018
-0.0018
0.0018
-0.0018
0.0018
-0.0018
0.0018
-0.0018
0.0018
-0.0018
0.0018
-0.0018
0.0018
-0.0018
0.0018
-0.0018
0.0018
-0.0018
0.0018
-0.0018
0.0018
-0.0018
0.0018
-0.0018
0.0018
-0.0018
0.0018
-0.0018
0.0018
-0.0018
0.0018
-0.0018
0.0018
-0.0018
0.0018
-0.0018
0.0018
-0.0018
0.0018
-0.0018
0.0018
-0.0018
0.0018
-0.0019
0.0019
-0.0019
0.0019
-0.0019
0.0019
-0.0019
0.0019
-0.0019
0.0019
-0.0019
0.0019
-0.0019
0.0019
-0.0019
0.0019
-0.0019
0.0019
-0.0019
0.0019
-0.0019
0.0019
-0.0019
0.0019
-0.0019
0.002
-0.002
0.002
-0.002
0.002
-0.002
0.002
-0.002
0.002
-0.002
0.002
-0.002
0.0021
-0.0021
0.0021
-0.0021
0.0021
-0.0021
0.0021
-0.0021
0.0022
-0.0022
0.0022
-0.0022
0.0022
-0.0022
0.0023
-0.0023
0.0023
-0.0023
0.0024
-0.0024
0.0024
-0.0025
0.0025
-0.0025
0.0026
-0.0026
0.0027
-0.0027
0.0028
-0.0029
0.003
-0.0031
0.0032
-0.0034
0.0035
-0.0038
0.004
-0.0044
0.005
-0.0058
0.0071
-0.0099
0.0195
0.101
0.0191
0.0204
-0.0044
0.0038
0.0001
0.004
0.0036
0.0056
0.0067
0.0077
0.0102
0.0109
0.0149
0.0175
0.019
0.0189
0.0245
0.0206
0.0248
0.0255
0.031
0.0354
0.0363
0.0382
0.0444
0.0407
0.0482
0.0492
0.0588
0.0552
0.0611
0.0664
0.0703
0.0719
0.0799
0.0795
0.0797
0.0785
0.0947
0.1005
0.0973
0.0955
0.1128
0.1175
0.1231
0.1111
0.121
0.1451
0.1521
0.1229
0.135
0.152
0.1606
0.1491
0.1608
0.1753
0.183
0.1687
0.1909
0.1876
0.1938
0.1916
0.2108
0.2109
0.2275
0.2071
0.2304
0.2111
0.2285
0.2483
0.2294
0.2372
0.2675
0.2548
0.2502
0.2696
0.2446
0.2944
0.2845
0.269
0.3185
0.2917
0.3164
0.3098
0.3146
0.3205
0.3482
0.3308
0.3515
0.3501
0.3246
0.3765
0.3659
0.348
0.3644
0.3449
0.3917
0.3703
0.3823
0.3769
0.3885
0.404
0.3997
0.4201
0.3796
0.4487
0.4231
0.4271
0.4504
0.4043
0.5051
0.4351
0.492
0.4412
0.4799
0.4866
0.4645
0.461
0.4776
0.4925
0.4799
0.4916
0.4915
0.4951
0.5007
0.5526
0.4931
0.5796
0.5404
0.5631
0.5488
0.6096
0.5501
0.6046
0.5374
0.6044
0.5855
0.5643
0.5876
0.5926
0.6075
0.5996
0.5763
0.6122
0.5991
0.6332
0.6279
0.6425
0.6499
0.6199
0.6893
0.6544
0.7098
0.6218
0.7158
0.661
0.6948
0.6448
0.7077
0.678
0.6891
0.711
0.6873
0.7237
0.7357
0.7358
0.717
0.7512
0.7499
0.7802
0.7338
0.7395
0.7892
0.7454
0.7873
0.7347
0.7837
0.771
0.7651
0.7416
0.8201
0.7631
0.86
0.7956
0.8273
0.8328
0.8449
0.8269
0.8224
0.8738
0.8253
0.8541
0.825
0.8175
0.8243
0.8167
0.8791
0.8417
0.8646
0.8976
0.8797
0.8823
0.9076
0.925
0.8775
0.9365
0.8836
0.8595
0.9052
0.9072
0.8944
0.9111
0.923
0.8763
0.9701
0.9218
0.9255
0.9443
0.9827
1.0069
0.9479
0.9724
0.9619
0.929
0.9411
0.9602
0.9305
0.9409
0.982
1.022
0.9491
0.9877
1.0054
1.0394
0.9594
1.0022
1.0373
0.9813
0.9925
0.9961
0.9925
0.9744
0.9867
1.0447
1.0438
0.9949
1.0272
1.0792
1.0997
1.0363
1.066
1.0838
1.0639
1.0553
1.0646
1.0834
1.0689
1.0541
1.0584
1.1333
1.084
1.1559
1.085
1.1147
1.1207
1.1388
1.0919
1.1381
1.0861
1.1049
1.1015
1.0881
1.1313
1.127
1.1281
1.1616
1.1912
1.1452
1.1302
1.1747
1.0932
1.1201
1.1053
1.135
1.1306
1.1207
1.1413
1.1409
1.1305
1.1539
1.1826
1.1508
1.2115
1.1847
1.1954
1.1521
1.1602
1.1298
1.1389
1.1196
1.1702
1.1972
1.1533
1.2365
1.1648
1.2083
1.216
1.194
1.1984
1.1579
1.1714
1.1732
1.1743
1.1661
1.2331
1.155
1.2268
1.2693
1.2326
1.2461
1.2522
1.2192
1.2132
1.1784
1.2425
1.2024
1.2151
1.2124
1.2442
1.1748
1.309
1.231
1.2744
1.3253
1.2701
1.2416
1.2323
1.246
1.2547
1.2176
1.248
1.3203
1.2093
1.2863
1.3112
1.3047
1.2904
1.3002
1.2769
1.2559
1.2472
1.2666
1.2518
1.2414
1.3018
1.3283
1.2602
1.3388
1.2756
1.2946
1.3156
1.3196
1.2533
1.2909
1.2632
1.2484
1.2787
1.2849
1.2851
1.2701
1.3437
1.3173
1.3143
1.3115
1.3166
1.2713
1.3096
1.2562
1.2726
1.2662
1.3366
1.3083
1.2831
1.3352
1.3479
1.3257
1.3615
1.3523
1.3442
1.3269
1.3163
1.2797
1.3383
1.3225
1.3636
1.2995
1.4078
1.3291
1.3834
1.3877
1.334
1.3354
1.3252
1.3484
1.3294
1.3018
1.3831
1.3782
1.3514
1.3787
1.3939
1.3726
1.3927
1.3651
1.3364
1.3648
1.3423
1.3342
1.3323
1.4248
1.3674
1.3711
1.418
1.453
1.3772
1.4125
1.3741
1.3357
1.3826
1.3157
1.3746
1.3497
1.3749
1.3603
1.3859
1.451
1.399
1.3852
1.4027
1.3914
1.3715
1.3802
1.3488
1.3402
1.3747
1.4178
1.3563
1.4164
1.4451
1.4217
1.4184
1.4307
1.391
1.3687
1.3666
1.3685
1.3658
1.4278
1.4176
1.3839
1.4421
1.4242
1.4183
1.4481
1.4038
1.3921
1.4098
1.3992
1.377
1.3689
1.4631
1.3749
1.4477
1.4636
1.4393
1.437
1.4281
1.4413
1.3946
1.4162
1.4284
1.3822
1.4458
1.4667
1.3895
1.4528
1.4516
1.4296
1.4506
1.4647
1.4101
1.4153
1.3873
1.4079
1.4072
1.4367
1.4434
1.415
1.4781
1.4329
1.4372
1.4502
1.4262
1.3906
1.4148
1.4039
1.4058
1.4235
1.4438
1.4098
1.4845
1.4806
1.4366
1.4784
1.4774
1.4205
1.4327
1.4143
1.4109
1.4148
1.4797
1.4555
1.4542
1.5088
1.4698
1.4716
1.4688
1.473
1.4216
1.4329
1.4135
1.4152
1.501
1.4513
1.4475
1.4787
1.4803
1.46
1.4852
1.4709
1.4628
1.461
1.4158
1.408
1.5037
1.5112
1.4514
1.444
1.5132
1.4754
1.5097
1.4733
1.4382
1.441
1.4419
1.4506
1.421
1.4857
1.4865
1.4688
1.5142
1.4594
1.489
1.4868
1.4286
1.4422
1.4407
1.417
1.4385
1.4806
1.4833
1.4768
1.5265
1.4856
1.4845
1.5051
1.4915
1.4551
1.4592
1.4314
1.4372
1.4738
1.4715
1.4681
1.5427
1.4884
1.4788
1.507
1.4979
1.4457
1.467
1.4817
1.4813
1.4678
1.5471
1.4818
1.5054
1.5371
1.5155
1.5123
1.5194
1.4672
1.4515
1.4797
1.4482
1.5051
1.5448
1.4619
1.5042
1.551
1.4891
1.4958
1.4911
1.4783
1.4502
1.4559
1.4453
1.4496
1.4976
1.485
1.4833
1.5414
1.4462
1.5124
1.5097
1.5243
1.4646
1.491
1.4448
1.4558
1.5253
1.487
1.4883
1.5641
1.5132
1.4823
1.4854
1.505
1.4722
1.4892
1.4465
1.468
1.5495
1.5119
1.5016
1.5386
1.5016
1.5298
1.5286
1.5368
1.4796
1.5012
1.4556
1.4353
1.5081
1.5485
1.4861
1.5524
1.5074
1.5332
1.5238
1.5188
1.5017
1.4798
1.472
1.4398
1.4996
1.5377
1.5151
1.4942
1.5453
1.5084
1.5209
1.4952
1.4936
1.4535
1.4521
1.4414
1.4846
1.5481
1.4963
1.5079
1.504
1.493
1.5149
1.4931
1.515
1.4634
1.453
1.4425
1.4771
1.539
1.5048
1.5068
1.5415
1.5131
1.5182
1.5113
1.5176
1.4541
1.4922
1.4643
1.4878
1.5494
1.536
1.5174
1.5375
1.5433
1.5313
1.5485
1.5147
1.5106
1.4829
1.4905
1.439
1.5093
1.5438
1.5335
1.5423
1.5084
1.5332
1.5067
1.5235
1.4968
1.4678
1.4369
1.4234
1.5241
1.5528
1.5347
1.53
1.5339
1.5318
1.5161
1.4823
1.466
1.4627
1.4668
1.425
1.5097
1.5787
1.5122
1.5331
1.5083
1.5231
1.4992
1.5075
1.4905
1.4396
1.4788
1.4353
1.4847
1.5439
1.4637
1.5237
1.5871
1.5037
1.4895
1.4933
1.508
1.4989
1.46
1.4715
1.5223
1.5265
1.4912
1.5851
1.5578
1.5225
1.5597
1.5318
1.4883
1.4888
1.5097
1.4574
1.4963
1.5694
1.5178
1.5421
1.5667
1.5212
1.5519
1.5261
1.502
1.4748
1.4989
1.4354
1.5066
1.5726
1.5439
1.5407
1.5508
1.5273
1.5333
1.5018
1.475
1.472
1.4871
1.4763
1.5094
1.5578
1.5094
1.5247
1.552
1.5218
1.5344
1.5004
1.5309
1.4805
1.5032
1.4507
1.4806
1.5442
1.5143
1.4997
1.5337
1.5517
1.5487
1.53
1.5334
1.4824
1.4682
1.4604
1.4865
1.5677
1.56
1.5239
1.5712
1.5405
1.5533
1.5187
1.5253
1.5014
1.5171
1.4776
1.4829
1.5634
1.5579
1.531
1.5593
1.5223
1.5157
1.5301
1.5381
1.4826
1.4986
1.4662
1.4537
1.5689
1.5589
1.5366
1.5848
1.5665
1.5466
1.5381
1.5387
1.4935
1.4711
1.4458
1.4811
1.5424
1.515
1.4942
1.5422
1.5253
1.5387
1.5127
1.5119
1.4601
1.4924
1.4692
1.4763
1.5381
1.52
1.4773
1.5726
1.5586
1.535
1.5075
1.5224
1.479
1.4896
1.4882
1.4809
1.5446
1.5651
1.5177
1.5829
1.5438
1.5419
1.5491
1.5512
1.4946
1.5032
1.4902
1.4674
1.5312
1.5681
1.5478
1.5885
1.5611
1.5472
1.5549
1.5657
1.4795
1.516
1.4878
1.4556
1.5182
1.5355
1.5403
1.5496
1.5645
1.5277
1.5266
1.4916
1.5023
1.4934
1.4663
1.4845
1.5171
1.5287
1.5082
1.5694
1.5619
1.5275
1.5497
1.5469
1.4887
1.4827
1.4926
1.4789
1.5187
1.5429
1.4958
1.5296
1.5696
1.5173
1.509
1.539
1.536
1.4909
1.4779
1.5014
1.5246
1.5581
1.5303
1.5766
1.5478
1.5779
1.5323
1.5669
1.5257
1.4865
1.5201
1.4818
1.5109
1.5507
1.544
1.5668
1.5453
1.5658
1.5628
1.5399
1.4952
1.495
1.5075
1.4715
1.5094
1.5473
1.5685
1.524
1.5378
1.5287
1.5284
1.4868
1.4826
1.4964
1.5016
1.4736
1.5094
1.5192
1.5096
1.5529
1.5729
1.5352
1.5317
1.5019
1.5108
1.4887
1.4877
1.4528
1.4758
1.5869
1.565
1.4975
1.5696
1.5672
1.5327
1.5225
1.5116
1.5026
1.5044
1.4744
1.5017
1.5417
1.5126
1.546
1.5619
1.5446
1.542
1.5249
1.5388
1.5014
1.4857
1.4771
1.486
1.5049
1.5394
1.5522
1.529
1.4742
1.525
1.4961
1.5219
1.4967
1.526
1.5212
1.4675
1.5075
1.5319
1.5412
1.5302
1.5286
1.5522
1.4976
1.4794
1.5002
1.4879
1.4408
1.4625
1.4952
1.5226
1.4712
1.5434
1.4933
1.5192
1.5118
1.5022
1.4386
1.4622
1.4242
1.469
1.5117
1.5273
1.5156
1.5242
1.5293
1.5468
1.5177
1.5248
1.4456
1.5056
1.5157
1.4873
1.5448
1.5099
1.5497
1.6193
1.6438
1.5788
1.606
1.5998
1.5634
1.5218
1.6158
1.5469
1.638
1.6248
1.5981
1.6116
1.6261
1.6578
1.6376
1.697
1.5698
1.6339
1.6383
1.6878
1.6664
1.704
1.6995
1.7149
1.7271
1.7805
1.6118
1.728
1.6917
1.731
1.669
1.8452
1.7266
1.8575
1.7383
1.8065
1.7237
1.761
1.7535
1.7342
1.7879
1.7563
1.908
1.7891
1.8802
1.8399
1.9339
1.8386
1.8574
1.8235
1.8893
1.8246
1.7618
1.9617
1.8819
1.9855
1.9118
1.9151
1.958
1.8785
1.9305
1.8645
1.8892
1.9294
2.0383
1.8966
2.0402
2.0414
1.9472
1.9548
1.9436
1.9635
2.0067
1.9179
1.9461
2.0162
1.9872
2.0439
2.0576
2.0276
2.0184
1.9934
1.9794
2.0607
1.9889
2.075
2.0315
2.0245
2.0963
2.1571
2.054
2.0307
2.0242
2.0853
1.9166
2.1405
1.9882
2.1197
2.086
2.2
2.0598
2.096
2.085
2.0575
2.0762
2.1464
2.1176
2.1432
2.171
2.1765
2.2425
2.0812
2.1841
2.106
2.0792
2.2011
2.2386
2.1866
2.2964
2.2063
2.2638
2.274
2.1238
2.1642
2.1793
2.1172
2.2519
2.1592
2.3394
2.2839
2.2924
2.2544
2.1712
2.2784
2.1354
2.2724
2.2496
2.3035
2.2749
2.3555
2.3171
2.2029
2.2178
2.2309
2.1617
2.326
2.289
2.306
2.303
2.2785
2.305
2.2946
2.291
2.1679
2.2093
2.304
2.3201
2.333
2.3502
2.3985
2.3488
2.2826
2.2893
2.2963
2.2734
2.433
2.3581
2.4127
2.3923
2.4548
2.3729
2.3167
2.3807
2.2698
2.3769
2.4094
2.4095
2.3625
2.4916
2.3913
2.3418
2.2699
2.3766
2.286
2.4473
2.3875
2.4757
2.3915
2.4875
2.4435
2.4177
2.3249
2.4653
2.2177
2.4875
2.2952
2.533
2.3695
2.4343
2.4299
2.4122
2.3572
2.4037
2.4355
2.473
2.3729
2.5094
2.4604
2.5267
2.3842
2.5147
2.4168
2.3206
2.5457
2.4411
2.5118
2.4765
2.4793
2.5544
2.47
2.4162
2.4459
2.3992
2.579
2.3791
2.5471
2.4623
2.5087
2.4306
2.4741
2.4783
2.4491
2.5626
2.473
2.5958
2.4901
2.6006
2.5815
2.4428
2.4906
2.4766
2.4822
2.5661
2.5236
2.5926
2.517
2.5933
2.409
2.5427
2.4178
2.5046
2.5116
2.5443
2.5888
2.5432
2.5606
2.5476
2.5207
2.4849
2.4478
2.6458
2.6012
2.6257
2.6195
2.5713
2.6164
2.5219
2.5557
2.5233
2.5177
2.6882
2.4911
2.6432
2.6786
2.6565
2.5625
2.5454
2.5384
2.5395
2.5535
2.4965
2.6539
2.6297
2.6106
2.525
2.4985
2.5713
2.4687
2.6854
2.4971
2.6238
2.5798
2.663
2.5539
2.5931
2.5616
2.4867
2.6422
2.6658
2.6059
2.7522
2.6151
2.6725
2.5897
2.6155
2.4989
2.6313
2.665
2.6665
2.7202
2.6584
2.6619
2.5766
2.6254
2.5272
2.6192
2.7499
2.6366
2.6959
2.6997
2.6933
2.6403
2.5972
2.5354
2.6018
2.6596
2.6318
2.7368
2.6568
2.6751
2.6675
2.5817
2.5681
2.5251
2.6723
2.6692
2.6631
2.7171
2.6231
2.7618
2.6318
2.5776
2.5932
2.6471
2.7307
2.6658
2.7282
2.6653
2.7312
2.6546
2.6199
2.5771
2.712
2.7319
2.6671
2.8306
2.7075
2.6759
2.6994
2.7081
2.6217
2.6845
2.7267
2.7241
2.7761
2.7314
2.7041
2.6491
2.6646
2.5086
2.7421
2.6919
2.7209
2.7478
2.6637
2.7809
2.6473
2.68
2.6009
2.6116
2.7253
2.72
2.7326
2.697
2.6872
2.7168
2.6574
2.575
2.6368
2.7611
2.7589
2.805
2.7487
2.7153
2.7284
2.7234
2.6562
2.6742
2.8084
2.6527
2.7501
2.761
2.803
2.7128
2.6987
2.6927
2.6046
2.7507
2.7192
2.7672
2.8136
2.8244
2.6815
2.6763
2.7058
2.6262
2.7706
2.7407
2.8046
2.7656
2.7433
2.7401
2.6762
2.6585
2.6362
2.7818
2.7884
2.765
2.8054
2.7081
2.7211
2.6153
2.6873
2.7107
2.765
2.7571
2.8047
2.8007
2.7215
2.7783
2.729
2.6526
2.6751
2.8205
2.752
2.8031
2.7638
2.8658
2.6926
2.7451
2.7059
2.5771
2.8552
2.6943
2.7995
2.8582
2.8073
2.7367
2.7202
2.6985
2.7208
2.7756
2.8163
2.8092
2.7815
2.7617
2.7416
2.7579
2.651
2.659
2.7923
2.697
2.8939
2.7818
2.7418
2.7434
2.6846
2.674
2.7405
2.7914
2.8341
2.8495
2.8642
2.8098
2.7098
2.7656
2.7565
2.7046
2.8791
2.7732
2.8283
2.847
2.8068
2.7523
2.7241
2.6621
2.6889
2.9072
2.8525
2.801
2.8154
2.7343
2.7253
2.7082
2.6338
2.6637
2.7379
2.7885
2.8793
2.8717
2.7925
2.7261
2.7297
2.6863
2.704
2.8315
2.7857
2.8688
2.8184
2.8135
2.7832
2.7248
2.6969
2.6888
2.8219
2.799
2.8132
2.8669
2.8866
2.7037
2.789
2.7098
2.7194
2.848
2.8938
2.8183
2.8078
2.7898
2.7071
2.741
2.6608
2.852
2.8679
2.6974
2.8549
2.8485
2.7765
2.6656
2.7518
2.6978
2.7653
2.7967
2.8264
2.7829
2.8666
2.7661
2.7488
2.7628
2.7038
2.8021
2.8025
2.7743
2.863
2.8483
2.8179
2.7233
2.7283
2.7351
2.8384
2.7534
2.8439
2.814
2.8653
2.8088
2.8168
2.7651
2.6715
2.8618
2.9085
2.8491
2.8575
2.8112
2.8726
2.751
2.7777
2.7192
2.9168
2.8119
2.8498
2.9043
2.8653
2.7125
2.7807
2.7292
2.7715
2.8149
2.8092
2.8018
2.8643
2.8189
2.7602
2.769
2.7578
2.7053
2.8576
2.8326
2.8957
2.8419
2.8942
2.8031
2.7051
2.7304
2.8243
2.9045
2.8274
2.9216
2.8515
2.8069
2.8072
2.7608
2.7671
2.778
2.8309
2.8429
2.8748
2.8675
2.8602
2.7976
2.7544
2.7681
2.8222
2.8595
2.8646
2.8799
2.7806
2.8321
2.7209
2.7353
2.7188
2.885
2.8646
2.8199
2.8525
2.8668
2.7877
2.762
2.741
2.6721
2.8117
2.8061
2.8078
2.8823
2.8672
2.7671
2.7738
2.7418
2.7121
2.8381
2.8516
2.8831
2.894
2.8366
2.8536
2.7847
2.8187
2.7261
2.9333
2.8079
2.8813
2.8746
2.9137
2.8929
2.7864
2.8119
2.7465
2.868
2.8486
2.8903
2.8418
2.8442
2.7946
2.8038
2.7441
2.8531
2.8834
2.8313
2.8268
2.9048
2.8713
2.7952
2.8099
2.7166
2.7931
2.9122
2.8259
2.9124
2.8634
2.8618
2.7502
2.7241
2.7726
2.7775
2.8732
2.8484
2.919
2.8769
2.8177
2.8551
2.8232
2.7451
2.8115
2.8751
2.9075
2.8898
2.9004
2.9012
2.8079
2.8369
2.7757
2.8679
2.9172
2.879
2.9135
2.8816
2.858
2.8501
2.7703
2.7436
2.9495
2.7288
3.0152
2.8444
3.0722
2.9033
2.7233
2.8979
3.0726
2.8289
3.0966
2.9832
3.1362
2.8955
2.9604
3.0759
2.9599
2.9324
3.2734
3.0056
3.1258
3.2522
2.9774
3.1578
3.0084
3.151
3.1286
3.3648
3.1069
3.3031
3.109
2.9546
3.156
3.1866
3.1481
3.2238
3.2743
3.2208
3.3541
3.2318
3.0861
3.1977
3.3849
3.2404
3.2957
3.3778
3.2319
3.2951
3.391
3.1819
3.2842
3.3631
3.4661
3.3503
3.4732
3.1847
3.321
3.3245
3.4599
3.3529
3.4554
3.6017
3.3774
3.3426
3.5432
3.311
3.5377
3.4073
3.5197
3.6026
3.4964
3.5408
3.5298
3.4164
3.4811
3.6812
3.6743
3.6246
3.5616
3.6694
3.527
3.4202
3.494
3.5877
3.5828
3.6585
3.6776
3.5664
3.4186
3.5065
3.5731
3.8394
3.6358
3.7636
3.734
3.5165
3.4763
3.6237
3.6569
3.729
3.7446
3.6149
3.7561
3.6649
3.6082
3.6767
3.7584
3.8048
3.7779
3.7779
3.8872
3.8385
3.7825
3.7981
3.7331
3.8399
3.9639
3.7031
3.6896
3.7733
3.797
3.9385
3.7851
3.8865
3.9617
3.8354
3.7923
3.6299
3.8303
3.9249
3.8991
3.8549
3.7622
3.9646
3.8331
3.8393
3.7695
3.915
3.9047
4.0484
3.744
4.0184
3.7535
3.8787
3.8857
4.0202
4.0253
4.0106
3.9397
3.9964
3.858
3.9412
3.9578
3.9566
4.2931
3.8906
3.8444
3.857
3.9289
4.0633
4.0957
4.1077
4.0338
4.0934
3.9251
3.8762
3.9294
4.1094
3.9507
4.1832
3.8864
4.0156
3.84
4.0856
4.1173
4.0144
4.0622
4.098
4.2129
4.0565
3.9733
4.0798
4.0522
4.1629
4.0945
4.1192
3.9205
4.0056
4.1985
4.228
4.048
4.2824
4.129
3.9662
3.9387
4.0083
4.1462
4.0537
4.1328
4.0643
4.1925
4.051
4.0561
4.0255
4.1629
4.0251
4.2886
4.168
4.0987
3.9735
3.9837
4.1763
4.1188
4.311
4.1626
4.0603
3.9587
4.0655
4.3272
4.1357
4.3155
4.2358
4.2813
4.0878
4.1966
4.094
4.2656
4.3209
4.4583
4.086
4.1191
4.0741
4.1886
4.2004
4.4024
4.3671
4.2172
4.297
4.1428
4.1719
4.2179
4.2426
4.3154
4.2444
4.283
4.1192
4.1582
4.3072
4.2658
4.2725
4.3582
4.198
4.2247
4.275
4.2811
4.3023
4.4642
4.4465
4.3482
4.275
4.0977
4.2721
4.3871
4.0918
4.4989
4.3237
4.2112
4.2204
4.361
4.3867
4.2905
4.3636
4.3508
4.3261
4.1933
4.1854
4.3966
4.2775
4.4342
4.4737
4.1107
4.2826
4.1211
4.4012
4.2938
4.3488
4.4102
4.3405
4.219
4.2133
4.3351
4.3529
4.2968
4.6297
4.3656
4.317
4.2549
4.2896
4.5019
4.2548
4.6173
4.3366
4.2664
4.2289
4.3129
4.4269
4.363
4.3996
4.4337
4.4037
4.1921
4.184
4.2858
4.45
4.5425
4.4511
4.2612
4.2678
4.3907
4.3965
4.3693
4.4535
4.4836
4.4695
4.3927
4.3219
4.3199
4.4211
4.4924
4.6127
4.3695
4.4293
4.3276
4.5562
4.4269
4.4362
4.7264
4.4206
4.3249
4.3156
4.4226
4.3563
4.4764
4.3655
4.4778
4.3333
4.2918
4.4665
4.4629
4.3626
4.4924
4.4266
4.2611
4.2189
4.3203
4.4892
4.4449
4.5785
4.3924
4.4921
4.3768
4.3757
4.5937
4.3248
4.7471
4.3684
4.5067
4.2966
4.3328
4.5763
4.2372
4.6018
4.6596
4.4118
4.3743
4.5448
4.5573
4.4487
4.5683
4.5672
4.462
4.3547
4.4303
4.4804
4.3922
4.5712
4.5403
4.3788
4.3991
4.3719
4.5546
4.4781
4.6419
4.5678
4.5653
4.465
4.3481
4.527
4.5548
4.6973
4.7135
4.2688
4.4778
4.3408
4.6469
4.6221
4.5293
4.5932
4.4561
4.4949
4.378
4.5672
4.5509
4.5767
4.5344
4.4019
4.3554
4.2825
4.5635
4.4767
4.5049
4.6014
4.4921
4.4784
4.4615
4.5767
4.5395
4.7008
4.704
4.4246
4.5169
4.3196
4.5825
4.6186
4.5526
4.6588
4.3715
4.5105
4.4568
4.6194
4.4186
4.6119
4.7649
4.4943
4.4692
4.4702
4.7179
4.687
4.5167
4.6012
4.5171
4.6859
4.4591
4.5923
4.4854
4.4968
4.5716
4.5704
4.5
4.379
4.5822
4.5362
4.6531
4.7487
4.4616
4.3655
4.4836
4.5817
4.5575
4.6983
4.53
4.5935
4.4338
4.3671
4.5414
4.6444
4.4094
4.7527
4.4899
4.6078
4.4284
4.5684
4.6199
4.6287
4.6334
4.424
4.5653
4.4545
4.5445
4.5553
4.4282
4.6272
4.4339
4.4462
4.4556
4.5466
4.466
4.6969
4.6705
4.6564
4.5482
4.4428
4.6843
4.5876
4.5451
4.801
4.5207
4.5774
4.4627
4.5322
4.7713
4.5966
4.7973
4.3749
4.4777
4.5266
4.6575
4.6062
4.4302
4.606
4.4733
4.3839
4.3797
4.5327
4.5621
4.5945
4.7568
4.5936
4.4501
4.4121
4.5965
4.5327
4.6919
4.772
4.6017
4.5663
4.518
4.5406
4.7689
4.5886
4.8344
4.5848
4.609
4.4152
4.6235
4.628
4.6043
4.6704
4.4543
4.5129
4.5739
4.6662
4.5876
4.5298
4.6707
4.6003
4.556
4.4003
4.4859
4.7122
4.6099
4.6988
4.5918
4.5876
4.4072
4.4636
4.5594
4.6475
4.6206
4.5437
4.5479
4.3576
4.5877
4.7797
4.6728
4.6631
4.5885
4.565
4.4925
4.6078
4.8075
4.6982
4.7938
4.5606
4.5922
4.3776
4.501
4.6813
4.6483
4.6213
4.4286
4.3899
4.3783
4.6389
4.6268
4.6003
4.6787
4.4179
4.454
4.45
4.5693
4.6829
4.5044
4.7026
4.53
4.4562
4.476
4.6705
4.7905
4.5897
4.568
4.5502
4.5774
4.5431
4.5877
4.6481
4.6799
4.7173
4.5405
4.5797
4.4612
4.5256
4.591
4.526
4.7143
4.4841
4.3892
4.3618
4.5826
4.6563
4.5843
4.6747
4.5314
4.4973
4.4916
4.7001
4.6113
4.793
4.6561
4.563
4.5539
4.482
4.7327
4.6411
4.7267
4.7719
4.6456
4.5085
4.4543
4.6549
4.7219
4.7923
4.5642
4.5313
4.5506
4.5006
4.7161
4.5419
4.7014
4.5422
4.4746
4.4609
4.397
4.6833
4.6266
4.7719
4.684
4.4612
4.4718
4.5022
4.5761
4.6823
4.781
4.6977
4.5734
4.5276
4.3749
4.7067
4.75
4.6191
4.6775
4.4521
4.5205
4.5522
4.6975
4.7556
4.7453
4.7435
4.6257
4.4435
4.5686
4.6858
4.64
4.5843
4.5393
4.5853
4.3553
4.5535
4.6154
4.4779
4.7495
4.4382
4.6096
4.5656
4.461
4.5737
4.6445
4.7799
4.717
4.6417
4.6584
4.4967
4.8467
4.6895
4.6788
4.6996
4.6474
4.5233
4.484
4.8348
4.6323
4.7156
4.6462
4.4627
4.4675
4.5715
4.5459
4.6828
4.7779
4.5878
4.4322
4.6065
4.5247
4.6008
4.5149
4.6462
4.6204
4.4635
4.455
4.5774
4.7733
4.5496
4.6732
4.595
4.5202
4.4651
4.5894
4.7569
4.7284
4.775
4.6801
4.665
4.4668
4.6754
4.7131
4.6329
4.8116
4.4935
4.5363
4.5768
4.5454
4.5967
4.7313
4.6653
4.5579
4.5048
4.5111
4.6109
4.6017
4.6909
4.7954
4.4672
4.6193
4.5887
4.5747
4.6836
4.751
4.6958
4.591
4.5653
4.5448
4.6606
4.7679
4.7308
4.7668
4.6294
4.5445
4.567
4.6074
4.6936
4.6066
4.7395
4.5945
4.3408
4.4755
4.6165
4.734
4.6463
4.6407
4.5495
4.5519
4.4518
4.5659
4.6177
4.7611
4.5432
4.5779
4.5477
4.4822
4.7484
4.6185
4.7639
4.6952
4.5662
4.5083
4.4786
4.7673
4.7293
4.7585
4.7336
4.5037
4.4594
4.4828
4.7094
4.7627
4.7338
4.7557
4.5884
4.4707
4.507
4.6957
4.7533
4.7414
4.7583
4.6103
4.3555
4.5459
4.7694
4.6972
4.6503
4.7406
4.5379
4.5441
4.4363
4.8044
4.5889
4.7732
4.5886
4.6372
4.6402
4.7357
4.7335
4.8352
4.7065
4.6313
4.6763
4.5623
4.7149
4.771
4.863
4.7386
4.3928
4.5787
4.3703
4.6395
4.7843
4.5476
4.9976
4.7467
4.7752
4.6947
4.9717
5.0153
4.8215
4.8572
4.7557
4.6766
4.7667
4.8242
4.686
5.0872
5.0583
4.9384
5.0155
4.9991
4.9296
5.2162
5.2747
4.937
5.1049
5.1338
5.0912
5.0679
5.0774
5.3415
5.0568
5.0751
5.1822
5.1211
5.1898
5.2044
5.2489
5.2493
5.0859
5.0722
5.0025
5.3676
5.1396
5.037
5.1904
5.1799
5.2646
5.3761
5.4693
5.1374
5.4302
5.0469
5.3423
5.3314
5.5345
5.5346
5.2503
5.3189
5.383
5.5014
5.4753
5.6571
5.4952
5.3635
5.375
5.4251
5.5153
5.6807
5.6671
5.5259
5.4002
5.5094
5.5784
5.461
5.7419
5.5627
5.6313
5.387
5.5105
5.6307
5.6184
5.6097
5.5872
5.3987
5.6877
5.7143
5.837
5.7245
5.7573
5.6765
5.6227
5.6861
5.6768
6.0884
5.7542
5.4766
5.3503
5.7337
5.746
5.8606
5.5535
5.6666
5.5593
5.7364
5.7066
5.841
6.0312
5.8885
5.688
5.7825
5.8016
5.7146
5.7386
5.7385
5.7158
5.7868
6.0466
5.9846
6.2005
6.0547
5.9177
5.6437
5.9891
5.9803
6.0222
5.9229
5.8515
5.7069
5.9886
5.8063
6.0383
6.1605
5.9547
5.824
5.8879
5.8304
6.0396
5.9568
5.8769
5.9306
6.1036
6.1087
6.1671
6.0729
6.2214
5.7504
5.9293
5.9728
6.192
6.2866
5.9781
5.9971
6.01
6.092
5.9624
6.1834
5.9949
5.9704
6.1614
6.0396
6.1103
6.1392
6.0083
5.8945
5.7676
6.1564
6.1529
6.3237
6.0725
6.163
5.9324
6.1322
6.196
6.1879
5.8883
6.2306
5.9724
6.3138
6.2332
6.3277
6.1279
6.2033
6.1971
6.0475
5.9772
6.4066
6.299
6.0086
6.0158
6.1482
6.1389
6.3264
6.0926
6.1602
5.9543
6.0964
6.1868
6.2997
6.2679
6.1732
5.9049
6.2899
6.2533
6.3015
6.1951
5.9842
6.2509
6.4181
6.4936
6.8021
6.1544
6.2121
6.5091
6.5011
6.3033
6.6189
6.4369
6.3465
6.1257
6.3313
6.0903
6.5165
6.4334
6.1822
6.2621
6.4435
6.3187
6.8
6.2444
6.0808
6.2066
6.406
6.4412
6.38
6.4786
6.189
6.2242
6.4028
6.5466
6.5303
6.4003
6.375
6.2475
6.6223
6.5727
6.6742
6.0615
6.4081
6.4264
6.6187
6.4193
6.6325
6.2481
6.2594
6.3579
6.6334
6.4059
6.6525
6.1542
6.4612
6.3814
6.4489
6.6069
6.4068
6.4447
6.2408
6.6877
6.5472
6.7126
6.4867
6.2171
6.2645
6.5095
6.5611
6.8633
6.5378
6.292
6.6585
6.2347
6.6419
6.476
6.3722
6.3456
6.4406
6.231
6.4875
6.4425
6.1473
6.2927
6.5205
6.2923
6.6884
6.5927
6.5005
6.2375
6.395
6.5424
6.6821
6.5794
6.4937
6.5248
6.5663
6.7189
6.7154
6.7858
6.2126
6.6294
6.6209
6.6364
6.5436
6.4392
6.4152
6.3739
6.3398
6.6075
6.6641
6.5532
6.3522
6.4527
6.5009
6.8343
6.5127
6.4154
6.5405
6.6002
6.6708
6.5501
6.8922
6.5157
6.474
6.4618
6.6599
6.6828
7.1163
6.532
6.6147
6.4121
6.6797
6.7448
6.7225
6.5821
6.3168
6.6989
6.5863
6.635
6.644
6.3681
6.4365
6.4384
6.7534
6.7079
6.7457
6.671
6.3732
6.7491
6.5245
7.0392
6.6763
6.6517
6.5835
6.6672
6.743
6.846
6.6573
6.2813
6.5701
6.6462
6.6068
6.6349
6.6269
6.4674
6.5408
6.6841
6.8982
6.7884
6.5284
6.562
6.7092
6.6982
6.91
6.9684
6.5159
6.5333
6.4849
6.9217
6.8432
6.6333
6.528
6.6066
6.7009
6.7525
6.9007
6.7042
6.4089
6.5225
6.8357
6.7514
6.842
6.5624
6.5399
6.67
6.8393
6.5863
7.0055
6.6411
6.4425
6.622
6.7508
6.9734
6.9622
6.6462
6.7753
6.7377
7.1351
6.7031
6.7642
6.3904
6.6133
6.8568
6.898
6.9993
6.8795
6.6382
6.8052
6.6496
6.8089
6.6314
6.6342
6.4728
6.7665
6.4736
6.8479
6.8191
6.5247
6.5615
6.7036
6.5303
6.7358
6.6365
6.71
6.8649
6.7917
6.9718
6.812
6.7458
6.6852
6.5368
6.9012
6.9058
6.8484
6.679
6.7781
6.5704
6.6271
6.7629
6.9317
6.6123
6.3235
6.6374
6.7197
6.7464
6.7042
6.7389
6.4648
6.8703
6.8214
7.051
6.7635
6.6278
6.6086
6.6626
7.1195
6.8203
6.9138
6.445
6.8024
6.9947
6.914
6.6326
6.6521
6.4738
6.7404
6.9115
6.7047
6.7339
6.4923
6.3713
6.7136
6.717
6.9843
6.6415
6.599
6.5053
6.8084
7.0921
7.0607
6.8291
6.689
6.5883
7.0523
7.0249
6.6799
6.5639
6.678
6.6219
7.0798
6.756
6.6799
6.556
6.6885
6.6398
6.9626
6.8575
6.6818
6.5208
6.5881
6.8044
6.9752
6.8001
6.7648
6.6599
6.5748
6.6994
6.7708
6.6699
6.8047
6.5799
6.399
7.0055
7.1065
6.9583
6.7778
6.5892
6.7605
6.8909
7.0768
6.6432
6.5756
6.7818
6.6832
6.8487
7.1022
6.546
6.4782
6.5803
6.633
6.7567
6.7271
6.5854
6.5763
6.429
7.0137
7.0421
6.8441
6.9069
6.543
6.4693
7.0846
6.7804
6.847
6.8764
6.6209
6.8865
6.8392
7.0401
6.8662
6.7016
6.717
6.8344
6.9151
6.8987
6.4886
6.485
6.8582
6.8862
6.686
6.891
6.838
6.6522
6.5736
6.7071
7.0082
6.5883
6.7303
6.6647
6.6617
6.7534
6.713
6.9331
6.7614
6.4752
6.913
6.8415
7.1123
6.871
6.5584
6.7627
6.8915
6.7931
6.7273
6.8968
6.236
6.7778
7.017
6.7513
6.8555
6.5672
6.5504
6.7313
6.7114
6.7611
6.6145
6.5691
6.5447
6.9516
6.7381
6.7745
6.9265
6.7035
6.6104
6.8148
6.7931
6.9549
6.9972
6.7408
6.6393
7.0213
7.0923
7.0346
6.7419
6.4343
6.9742
6.8935
6.9896
6.9333
6.4546
6.3738
6.7744
7.0489
7.1324
6.5214
6.5639
6.9715
6.8394
7.0885
6.6895
6.9575
6.7299
6.9598
7.1146
7.2224
7.1724
6.7557
6.7445
7.3867
7.2735
7.3196
6.6879
6.9882
6.9767
6.9611
7.0496
7.1002
6.8239
6.7765
6.9466
7.5114
7.4496
7.5753
7.1277
7.1201
7.49
7.5289
7.4359
7.3657
7.3057
7.3244
7.555
7.9394
7.3186
7.1541
7.495
7.4487
7.2965
7.5498
7.2741
7.4783
7.6586
7.5689
7.6856
7.7259
7.4997
7.3139
7.5672
7.8379
7.6972
7.7394
7.5787
7.7916
7.8172
7.6257
7.5711
7.6966
7.6825
7.8458
8.4353
7.4594
7.3572
7.6288
7.8867
8.3775
7.9025
7.8919
7.3475
7.753
8.1247
7.9318
7.8978
7.5904
7.7223
8.0973
7.9513
8.0677
7.902
7.7806
8.0599
7.9806
8.3174
7.9475
8.1626
8.0365
8.0532
8.6042
7.9737
7.778
8.134
8.0799
8.0539
8.0847
7.7204
8.1156
7.9148
8.1705
8.1948
7.9755
8.013
8.0844
8.5595
8.5823
7.8902
8.2219
8.1763
8.4045
8.6928
8.0032
8.2988
8.0355
8.2264
8.4227
8.3717
8.0972
8.0323
8.1445
8.4329
8.3414
7.8924
8.316
8.1293
8.3575
8.4332
8.2193
8.0124
8.152
8.7961
8.9277
8.3241
8.1036
8.4586
8.4883
8.794
8.6484
8.0626
8.4668
8.6744
8.6741
8.6218
8.1437
8.3746
8.4214
8.582
8.6585
8.4008
8.4002
8.296
8.499
8.5593
8.2153
7.9994
8.7253
8.5206
9.2381
8.6229
8.2484
8.7013
8.6704
8.6421
8.7156
8.5814
8.9096
8.5956
9.0696
8.6268
8.3498
8.3015
8.6249
9.1121
8.7863
8.2801
8.6358
8.771
8.7546
9.1508
8.5212
8.4262
8.7245
8.992
8.5865
8.7376
8.3139
8.8681
8.9413
8.8702
8.6617
8.4673
8.85
8.7422
8.9409
8.8879
8.477
8.6467
8.7125
8.5631
8.4422
8.5999
8.5646
9.0406
8.8056
8.6963
8.6235
8.7189
8.6086
9.21
8.5989
8.411
8.4686
8.9009
9.1348
8.6677
8.6446
8.8605
8.9378
9.0477
8.983
8.5784
8.351
9.0577
8.8293
8.547
8.3059
8.6667
8.9015
9.0365
8.9929
8.6444
9.217
8.7995
9.1831
9.0743
8.6018
9.1769
8.8367
9.2384
9.2432
8.7265
9.1323
8.9157
9.0196
9.0293
8.5411
8.9331
9.1734
9.1735
8.6726
8.3132
8.9736
8.5765
9.0274
8.9342
8.5309
9.0656
9.1275
9.5184
9.0253
8.8327
8.9929
9.4294
9.4873
9.1657
8.8162
8.9528
9.1087
9.6096
8.728
8.8457
8.9069
9.0603
9.2327
8.9461
8.5992
8.8795
9.2349
9.0791
8.9319
8.8431
9.1096
8.899
9.0594
9.1579
8.8257
8.9488
9.0172
9.2747
8.9041
8.6456
8.8166
9.7088
9.4081
9.1149
9.1695
9.1506
9.1546
9.1679
8.921
8.88
8.9943
9.1672
9.5194
9.5954
8.9315
8.9548
9.1566
9.1664
9.1607
8.9389
8.6119
9.6026
9.1317
9.2592
8.8919
9.0652
9.5046
9.1281
8.9948
8.8677
8.9395
9.186
9.1388
9.123
8.5388
9.3292
9.3507
9.2964
9.1717
8.4474
9.119
9.094
9.2478
8.9009
9.0008
9.214
9.4294
9.439
9.3204
9.0391
9.0188
9.4667
9.411
8.9898
9.1938
9.0026
9.5682
9.0537
9.0895
8.7309
9.2954
8.9172
9.405
8.9174
8.564
9.1486
9.1427
9.1574
9.1803
8.9965
8.9204
9.8258
9.2166
9.2107
9.0068
9.0906
9.863
9.3444
8.857
8.9114
9.0169
9.2277
9.1082
8.9792
8.812
9.3332
9.2621
9.0515
8.8652
9.204
9.2962
9.5377
9.2822
8.9378
8.8019
9.2283
9.6862
9.7779
9.044
9.0481
9.4381
9.4777
9.2281
8.8627
8.8471
9.3804
9.2929
9.3734
9.2383
8.7885
9.2722
9.3581
9.723
8.9734
9.273
9.3746
9.7436
8.837
9.6423
8.7902
9.4989
9.1819
9.4585
8.9188
9.2023
9.416
9.5046
9.5877
9.0747
8.8293
9.2603
9.5893
9.7799
8.8376
8.8645
9.3889
9.2821
9.2244
9.2805
9.258
9.4661
9.1235
9.3177
9.429
9.0504
9.2421
9.6435
9.3841
9.0129
9.6632
9.4466
9.4441
9.1968
9.1239
9.1937
9.4845
9.1524
9.1457
9.1758
9.1123
9.4868
9.2175
9.129
9.1661
9.1863
9.738
9.5796
9.1698
9.4577
9.4351
9.6701
9.0239
9.2914
8.7607
9.2958
9.7164
9.7174
9.0586
8.8398
9.3713
9.8521
9.4557
9.5103
9.171
9.698
9.5612
9.5838
8.9261
9.1635
9.111
9.5342
9.5674
9.0627
9.1895
9.5146
9.5953
8.9359
9.5663
9.1569
9.4758
9.6061
9.1125
9.1572
9.201
9.4837
9.1639
9.5282
9.0659
9.2134
9.1427
9.7819
9.2035
9.182
9.1096
9.2226
9.4397
9.2293
9.4222
9.4847
9.7184
9.7036
9.5272
9.0388
8.8421
9.6078
9.6956
9.3281
8.8572
9.0337
9.403
9.468
9.3332
9.1665
9.0833
9.386
9.576
9.0764
9.4443
9.6175
9.6392
9.3466
9.3907
9.0175
9.6973
9.4291
9.4055
9.4681
9.2313
9.4131
9.8144
9.2967
9.105
9.2589
9.437
9.5178
9.5571
9.019
9.2531
9.4282
9.2102
9.1153
9.1591
8.9028
9.8462
9.5512
9.8253
8.8458
9.4023
9.7404
9.6588
8.9267
8.9668
9.4461
9.7457
9.6222
9.4129
9.37
9.2123
9.7885
9.0918
9.2652
8.8818
9.3284
9.2335
9.4447
9.223
9.0958
9.3887
9.8187
9.3145
8.9576
9.4668
9.5284
9.7656
9.6444
9.6739
9.3093
9.7749
9.6456
9.6219
8.7588
9.3843
9.5763
9.8199
9.3295
9.1729
9.1104
9.7037
9.3831
9.4754
9.1016
9.2003
9.1318
9.7666
9.5324
9.4287
9.3653
9.6903
9.6003
9.1197
9.1768
9.1395
9.6513
9.6684
9.2321
8.814
9.281
9.4678
9.5683
9.1537
8.7233
9.5428
9.6659
9.7609
9.3819
9.1058
9.416
9.8179
9.5283
9.4868
9.2646
9.3367
9.7053
9.7316
9.2587
9.1636
9.7747
9.5426
9.4368
9.1442
9.36
9.2888
9.5215
9.3166
9.1202
9.2224
9.4776
9.1628
9.5346
9.0474
9.222
9.4778
9.8361
9.4599
9.4755
8.8954
9.4319
9.7731
9.5922
9.4066
9.3636
9.2117
9.8775
9.3541
9.5408
9.092
9.6622
9.4037
9.2371
9.4616
9.1429
9.8343
9.4731
9.1729
9.1178
9.2294
9.4921
9.0705
9.382
9.4226
9.5869
9.7978
9.3635
9.25
9.4714
9.4862
9.8299
9.4549
9.2241
8.9279
9.2442
9.4577
9.6676
9.1235
9.2635
9.4566
9.4336
9.2032
9.1319
9.1598
9.6097
9.6865
9.3439
9.4461
9.0072
9.573
9.6875
9.6751
9.1208
9.2378
9.6677
9.3955
9.4242
9.4363
9.2159
9.434
9.4641
9.6408
9.0283
9.3606
9.7241
9.5335
9.0641
9.2231
9.3829
9.4845
9.6133
9.1506
9.547
9.7992
9.4673
9.4856
9.5993
9.1044
9.6687
9.7162
9.5176
9.0954
9.1715
9.4987
9.7927
9.2142
9.1715
9.1095
9.4143
9.7957
9.3397
8.79
9.2021
9.2285
9.8477
9.3951
9.5094
9.1438
9.5608
9.6953
9.7319
9.4194
9.1832
9.7451
9.6756
9.4463
9.0294
9.2915
9.3893
9.5289
9.5695
9.0568
9.2214
9.3861
9.4854
9.2812
9.1225
9.5686
9.7742
9.511
9.2118
9.4184
9.5216
10.0944
9.6589
9.5378
9.1175
9.7097
9.7039
9.4686
9.1638
9.5522
9.3172
9.5306
9.5976
9.0731
8.9725
9.7633
9.6492
9.6865
9.1793
9.0921
9.5517
10.0543
9.3053
9.1975
9.2715
10.0023
9.6633
9.3991
9.4153
9.4262
9.6395
9.7802
9.0456
9.0107
9.3065
9.4023
9.5407
9.5411
9.0401
9.2248
9.5087
9.7998
9.1503
9.1957
9.1788
10.1277
9.7232
9.4398
9.3849
9.2168
9.642
9.7
9.0619
9.3113
9.6043
9.8171
9.3015
9.3257
9.3667
9.7547
9.8069
9.1247
9.0167
9.1428
9.5052
9.7607
9.591
9.1906
9.1009
9.3988
9.7769
9.4119
9.0595
9.4744
9.7316
9.6709
9.604
8.9796
9.6104
9.9475
9.6236
9.0804
8.9772
9.6787
9.6225
9.7815
9.377
9.11
9.4087
9.8219
9.5076
9.1486
9.3387
9.2687
9.7752
9.6398
9.43
9.3933
9.5084
9.7981
9.4511
8.8625
9.2546
9.0782
9.7059
9.5938
9.4384
9.1004
9.5208
9.7879
9.4754
9.0345
8.8774
9.514
9.3883
9.3583
9.0331
9.3297
9.677
9.6981
9.6944
9.5627
9.0926
9.719
9.6643
9.5661
8.9911
9.4725
9.619
9.1498
8.8405
9.1346
9.274
9.489
9.392
9.1874
9.2316
9.8191
9.5698
9.8166
9.4142
9.1496
9.2941
9.8767
9.3031
9.31
9.4129
9.5229
10.0376
9.7364
8.954
9.4662
9.303
9.7066
9.5664
9.429
9.3553
9.68
9.6263
8.9818
8.8066
9.2543
9.7355
9.7045
9.5545
9.1289
9.6534
9.703
9.678
9.4244
9.4086
9.1593
9.9155
9.9662
9.3274
9.1646
9.3349
9.8631
9.4981
9.5323
9.2493
9.7524
9.5128
10.0822
9.6527
9.1226
9.6522
10.0353
9.6328
9.0715
9.8044
9.6888
9.9185
9.4387
9.5757
9.6707
10.0726
9.9557
9.8224
9.4181
9.7674
9.7205
10.0728
9.3337
10.1029
9.5129
10.0273
9.5878
9.9925
9.5966
9.7151
9.8127
10.279
9.4469
10.4672
9.4718
10.3031
9.9248
10.1423
10.2646
9.9239
10.2014
10.3669
9.8889
10.1998
10.2241
10.4912
10.5235
9.7473
10.4955
10.5552
10.276
10.2272
10.3158
10.1965
10.3683
9.9161
10.1375
10.5496
10.6638
10.4071
10.5071
10.2178
10.7266
10.8831
10.5067
10.4514
9.9736
10.8692
10.3116
10.5513
10.4653
10.8431
10.821
10.5882
10.4829
10.3715
11.0218
10.6428
10.5671
10.4183
10.4477
10.9685
11.1177
10.8473
10.4826
10.9406
11.2575
11.3199
10.8662
10.4939
11.0526
11.0942
10.7547
10.4036
10.9474
10.7659
11.2941
10.9867
10.4206
11.1682
11.2606
10.6659
10.5768
10.9971
10.8261
11.6254
11.149
10.7966
11.3542
10.9429
10.9465
11.4017
10.667
11.3705
11.403
11.2563
11.0553
10.8809
11.3391
10.9513
11.1398
10.8619
11.4068
11.4463
10.9889
10.8883
11.4546
11.0332
11.4984
11.1927
10.9308
11.2318
11.606
10.8962
11.3366
11.45
11.1734
11.8205
10.9575
11.1612
11.6327
11.6026
11.0695
10.844
11.338
11.2017
11.1531
10.7322
11.6509
11.4449
11.2428
11.5251
11.6961
11.4193
12.0197
11.3923
11.2801
11.1081
11.717
12.1714
11.1085
11.2746
11.5344
11.6046
11.6189
11.3812
11.185
11.2653
11.245
11.2038
11.3702
11.637
11.5916
11.5285
11.7964
11.9551
12.2095
11.7521
11.565
11.3118
11.8643
11.9227
10.9532
11.8232
11.3629
12.2733
11.2215
10.9861
11.5462
11.7566
12.0587
11.2905
11.2798
11.6339
11.9051
11.3577
11.4795
11.8649
12.4294
12.0831
11.8837
12.0465
12.3168
12.4264
11.6783
11.6174
12.0143
11.979
11.8203
11.1261
12.1992
12.0631
11.7156
11.2147
11.9911
11.8984
12.2949
11.8443
11.4392
12.2856
12.3281
12.2991
11.3688
12.0914
12.8183
12.7931
12.2967
11.6568
11.5516
12.4723
11.2942
11.574
11.4151
11.5126
11.5403
11.3248
11.9379
11.8998
12.083
11.4864
11.8425
12.3666
12.3905
11.8493
11.4789
12.141
12.46
11.6869
11.8723
12.4763
12.2737
12.3144
11.3943
11.9027
12.2351
11.975
11.8601
11.5454
11.9239
12.3063
12.6747
11.3977
12.2491
12.3709
12.2397
11.5519
11.5679
11.9618
13.0889
11.7765
11.5925
11.5783
12.359
12.2483
11.8682
12.053
11.853
12.2182
12.0449
11.5745
12.4592
12.3017
12.0526
11.3561
12.1467
12.3478
12.327
11.7975
12.1548
12.6277
12.4834
11.9246
12.1549
12.3675
12.3961
11.9969
11.9588
11.979
12.4998
11.8771
12.0746
11.5073
12.4296
12.1549
12.0071
11.8106
12.6638
12.6964
11.9558
11.413
12.3963
12.6761
12.2006
12.3353
11.3494
12.6877
12.6711
11.4976
12.1148
12.4116
12.3313
12.137
11.3642
12.0481
12.3183
12.4382
11.5892
12.0202
12.356
12.7803
12.5643
11.8909
12.8111
12.3154
12.1632
11.3878
11.9835
12.3585
12.3814
11.7428
11.5201
12.2531
12.3515
11.8265
12.4053
12.3063
12.3828
12.3151
12.378
12.3189
12.3728
12.3337
11.9013
12.2632
12.4244
12.2587
12.4769
11.8776
12.2184
12.3695
12.3808
11.9193
12.191
12.4745
12.0248
11.5951
12.3607
12.4302
12.9641
11.9687
12.0922
12.8203
12.8201
12.5078
12.3421
12.9117
12.3213
12.9881
11.7607
12.3317
12.3338
12.3736
11.8679
12.2791
12.0335
12.8678
12.0235
12.0001
12.4352
12.2819
12.4349
11.8781
12.2282
12.4545
12.9477
11.6157
12.159
12.9677
12.5843
12.0724
12.7707
12.2684
12.3702
12.3746
11.9574
12.1337
12.5196
11.9898
12.0604
12.4353
12.2913
12.3984
12.7148
11.9492
12.4334
12.2891
11.8873
12.3312
12.3594
12.3597
12.175
11.8343
12.873
12.5338
12.4282
12.0639
12.6228
13.2713
12.4979
12.4834
12.174
12.6699
12.7099
12.3162
12.0168
12.6696
12.8395
12.5093
12.2092
12.715
12.7145
11.9456
11.9857
11.9524
12.9682
12.3117
12.3841
12.3051
12.4056
12.2421
11.9557
11.8536
11.8815
13.5933
12.4019
12.0795
12.4011
12.3464
12.3142
12.4328
11.9474
12.1332
12.4555
12.1572
11.5228
13.1341
12.6923
12.2496
12.3961
12.3275
12.3377
12.4096
12.0976
11.4408
12.6168
12.1389
12.5737
11.786
13.0433
12.7708
12.1931
12.5163
12.7852
12.4606
12.62
11.8678
12.6229
12.073
12.9201
11.9835
12.36
12.2837
12.4505
11.5413
12.086
12.3115
12.8918
13.0606
12.1079
11.9468
12.8135
12.7978
12.165
12.1633
12.4927
12.1951
12.0364
11.8258
13.0106
12.8144
12.0107
11.9602
12.735
12.7492
12.8082
12.2699
12.4108
12.2813
12.4219
12.2603
12.456
12.7685
12.5124
11.9933
12.132
12.8496
12.8182
12.4309
12.8193
12.4399
12.4124
12.9049
12.2092
12.4314
12.2897
12.386
11.8131
12.4004
12.8901
12.2972
12.4089
12.239
12.689
12.6933
12.249
12.3654
12.5928
13.3877
12.75
12.2808
12.4075
12.2394
12.84
11.8389
11.8735
12.5486
12.1891
12.5111
11.7898
12.3199
12.4008
12.9851
12.4641
12.4892
12.5707
12.3442
12.1605
11.958
12.9883
12.6242
12.1643
12.1512
12.7588
12.6409
12.2819
12.3713
12.3404
12.3455
12.356
12.3328
12.3718
12.2953
12.7216
12.8408
12.3193
11.987
13.0658
12.9145
12.3031
12.331
12.4548
12.9051
12.1056
11.9334
12.9707
12.3112
11.88
12.328
12.3703
12.3248
12.367
12.3388
12.3175
12.8759
13.1052
12.0138
12.9239
12.9213
12.8695
11.9618
12.7379
13.1304
12.2692
12.3608
12.382
12.2568
12.5518
12.5222
12.0593
12.1396
12.0215
12.212
11.8782
12.8954
13.1878
12.8952
12.0171
11.9722
12.6262
12.7937
12.1727
12.5194
12.8179
12.3156
12.3753
12.2795
12.6825
13.1982
12.2815
12.3485
12.6919
12.6787
12.1476
12.5266
12.1485
12.715
13.0482
12.0162
11.8781
12.2787
12.351
12.382
12.2178
11.8645
12.5251
11.9198
12.0538
11.5669
12.2717
12.3132
11.8894
11.9737
12.1637
12.4567
12.2611
12.423
12.2779
12.414
12.2822
12.4133
12.2794
12.4204
12.2658
12.4466
12.2065
12.6867
12.7019
12.257
12.3901
12.3254
12.3561
12.3577
11.8831
12.271
12.4364
11.9824
11.4715
11.9559
12.6489
12.772
12.1917
12.5053
12.8241
12.318
12.3718
11.9057
12.2168
12.9494
12.3372
12.3794
12.3076
12.9517
12.2569
11.9329
12.2508
12.6608
12.6914
11.6909
12.6035
12.7652
12.3557
12.2872
12.5184
12.8302
12.7677
12.45
12.263
12.4416
12.8229
12.412
12.1107
11.9135
12.7617
12.6746
12.2363
12.4294
12.2596
12.9316
12.3507
12.3672
12.3196
12.3812
12.3079
12.3943
12.2946
13.1685
13.0841
11.9409
12.3622
12.3628
12.312
12.4088
12.2323
12.7747
12.5971
12.2805
11.7591
11.8029
12.7651
12.6658
12.3052
12.3486
12.3585
12.6902
13.1398
13.1324
12.8685
12.9951
12.2514
12.1768
12.3016
13.1669
12.4136
11.9862
12.5963
12.7016
12.8727
11.7035
11.9994
12.5113
12.1447
11.9513
12.3744
12.3626
12.3071
12.4182
12.2162
12.8677
13.0503
12.315
12.1634
11.8996
12.7108
13.2219
12.0835
12.0119
12.4681
12.3124
12.0886
11.9916
12.5493
12.1985
12.2082
11.6789
12.7033
12.9966
12.3289
12.2697
12.9061
12.3715
12.8664
12.4054
11.9869
12.8185
12.2433
12.4108
12.2971
12.3969
12.287
12.445
12.066
12.0373
13.0356
12.1577
12.5075
11.8369
12.9767
12.442
12.5392
12.0071
12.6973
12.62
12.2378
12.4115
12.3011
12.4046
11.9384
12.1317
12.601
12.526
11.9104
11.9411
12.5363
12.8322
12.7021
11.5985
12.1901
12.406
12.3112
12.3786
12.2953
12.8041
13.3809
12.5317
12.3823
12.2272
12.765
13.0124
11.8862
11.9262
12.6232
12.7604
11.7612
12.2892
12.2948
12.5825
12.8578
11.8689
12.5949
12.5232
12.2647
12.3967
12.733
11.9171
13.0092
12.2322
12.6331
12.6927
12.5292
12.4685
11.9005
13.0955
12.9369
11.8695
12.2233
12.4271
12.2822
12.4031
12.305
11.9125
12.2672
12.424
12.2465
12.0446
13.2689
12.3684
12.4224
12.036
12.4849
13.4966
12.4257
12.4295
12.2095
12.7795
12.62
12.2015
12.6034
12.7844
12.234
12.408
12.3219
12.3176
12.6195
12.3886
11.9249
13.2306
12.7274
12.9126
12.2949
13.0704
12.8797
12.606
11.9617
12.4406
12.6166
12.9569
12.1529
12.2015
12.3865
12.3426
12.3349
12.3716
12.3147
12.388
12.2995
12.4035
12.2822
12.4246
12.2538
12.4686
12.1658
12.9974
12.9376
12.3268
12.2629
13.0066
12.9305
11.8196
12.0094
12.0576
12.4987
12.675
11.8812
12.7052
12.6979
12.3133
12.259
12.1038
12.9062
12.6998
12.3673
12.3268
12.7996
12.8178
12.4771
11.7713
12.5576
12.216
12.3296
11.6853
12.3899
12.5871
12.4058
11.8519
12.2616
12.8661
13.3839
12.4354
12.4275
12.1883
12.854
13.0476
12.3627
12.2381
12.8929
13.031
12.2808
12.3225
12.8437
12.4563
12.323
12.3165
12.4985
12.8301
12.2981
12.0543
12.5788
12.547
12.0502
11.9689
12.6239
13.2012
12.4204
12.2459
11.8931
12.3544
12.6419
12.7367
12.1512
12.507
12.1914
12.5357
11.8407
12.2438
12.3385
12.396
12.2517
12.6494
12.7945
12.7786
12.3042
12.3906
12.2648
12.7185
12.6821
12.1415
12.663
12.7182
12.3157
12.2933
12.6112
12.7603
12.2385
12.0152
12.1089
12.5963
12.7664
12.3298
12.3347
12.3672
12.3287
12.3588
12.3595
12.866
12.7242
12.639
12.1137
12.7701
12.6317
12.3026
12.3493
12.363
12.3227
12.3798
11.8692
12.0396
11.9628
12.9928
12.261
11.8921
12.666
12.854
12.5119
11.9621
12.6838
13.299
12.8474
12.2776
12.3644
12.4169
13.2652
11.9818
12.309
12.372
12.3266
12.367
12.3304
12.356
12.3845
12.9593
12.1291
12.8035
12.5942
12.2901
12.3668
12.3343
12.9793
13.3162
12.3563
12.455
12.1258
13.4756
12.3943
11.7901
12.0599
12.3012
12.3877
12.3253
12.338
12.4699
12.9158
11.5333
11.9729
13.1675
12.7753
12.1945
12.4734
12.2081
12.5704
12.5516
11.9148
12.7936
12.7382
12.7904
12.2569
12.4147
12.2751
12.4513
12.0936
11.9861
12.4009
12.7366
12.6076
12.1296
12.7799
12.6223
12.2873
12.3655
12.3487
12.3329
12.3756
12.3008
12.43
12.7725
12.8607
12.3244
11.8186
12.7673
13.1448
12.2096
11.828
12.9383
12.4743
12.4399
11.6391
11.957
12.3473
12.7453
12.6098
12.2045
13.225
12.6816
12.2595
12.3876
12.4869
13.4864
12.4374
12.0562
12.4025
12.4476
12.9214
12.0259
11.9917
12.4335
12.2782
12.4313
12.217
12.6977
12.6808
12.2824
12.3209
12.6478
12.8051
12.7829
12.6183
12.3419
12.7282
12.1413
12.5346
11.8558
12.1815
12.8421
12.5127
12.2673
12.3844
12.4107
12.7367
11.5479
12.0569
13.2911
13.1834
12.5273
12.2615
12.5313
13.2195
11.9029
12.403
13.0835
13.2089
12.3616
11.9477
12.1676
12.5324
11.905
12.1619
12.3756
12.3619
12.2979
11.9255
11.9659
12.7252
12.3735
12.3279
12.3671
12.3083
12.8374
12.4916
12.2032
12.7604
13.1445
12.2919
12.3822
12.3214
12.3733
12.3049
11.855
12.3867
12.325
12.3605
12.3566
11.9281
12.1892
12.5112
11.924
12.1499
12.3661
12.4855
12.9067
11.9855
12.0323
12.4082
12.316
12.3735
12.3165
12.4029
11.8744
12.2591
12.399
12.298
12.4221
12.014
11.9358
12.0087
12.415
12.3075
12.3812
12.3134
12.3865
12.2982
12.4174
12.2277
12.7363
12.6441
12.265
12.3432
12.6857
12.6893
12.1482
12.5283
12.1387
12.7419
12.6157
11.8053
12.4107
12.3284
12.3446
12.3724
11.9226
13.1708
12.6105
11.9498
12.0552
12.8482
12.6572
13.2221
12.4052
12.3913
12.9042
12.2299
11.8591
12.4562
12.2242
12.9905
12.0547
11.9577
11.9268
13.1526
12.7945
12.2357
12.4106
12.3047
12.3767
11.5277
10.3623
11.9929
12.9482
11.7772
11.8364
11.8792
12.234
12.0018
12.1448
12.0911
12.0213
12.5551
11.4992
11.7671
11.9168
12.0941
11.6124
11.7024
12.0125
11.9999
11.6751
11.5469
11.6098
11.1364
11.5626
11.1597
11.5518
11.763
12.3957
10.9882
10.8749
10.8906
11.2907
11.7793
10.9268
11.2357
11.4867
11.2033
11.1193
10.8328
11.3428
11.2342
11.5702
10.7374
10.9962
11.1331
11.377
10.7349
10.5759
10.2658
10.9329
11.2809
10.9869
10.8189
10.9666
10.8414
10.7067
10.4292
10.8
10.6345
10.6638
10.2627
10.7442
10.6772
10.6502
10.7884
9.7269
10.3574
10.1741
10.3674
10.0661
9.967
9.9536
10.2489
10.3061
9.9183
9.5843
10.0997
10.3254
10.1566
9.9225
9.9868
10.1645
9.9999
9.9261
9.6614
9.6897
9.6863
9.7013
9.5595
9.3261
9.5125
9.5571
10.0381
9.444
9.2829
9.4634
9.5928
9.7131
8.8447
9.3874
9.4166
9.4141
9.654
9.2356
9.1094
9.7449
9.0734
9.4079
9.1198
9.187
9.4159
9.4704
9.5725
8.5949
9.0834
9.41
8.9944
9.0635
8.9046
8.8805
8.5651
9.0543
9.0265
8.3434
8.4845
8.7578
8.842
8.7526
8.558
8.4945
8.7075
8.8466
8.5585
8.4342
8.4553
8.9104
8.4462
8.9288
8.3554
8.1206
8.6481
8.4372
8.2895
8.3316
7.5872
8.3334
8.4196
8.4922
8.3019
8.0198
7.8559
8.2446
8.5729
8.033
8.2177
7.8771
7.9501
8.0246
8.1528
8.007
7.9961
8.0472
7.6301
7.9546
7.8911
7.9198
7.556
7.6321
7.7989
7.8205
7.5193
7.3689
7.6968
7.5125
8.0598
7.5695
7.272
7.3237
7.5192
7.6842
7.84
7.5491
7.3602
7.6775
7.4365
7.6318
7.4829
7.0954
7.6786
7.132
7.4243
7.5055
6.9399
7.1238
7.1937
7.1837
6.9771
7.0452
6.7433
7.1624
7.0714
6.8561
7.349
6.7906
6.9741
6.9011
6.6806
7.0696
7.0228
6.914
6.9719
7.086
6.8364
6.8677
6.7967
6.6995
6.626
6.7906
6.8259
6.641
6.8143
6.3581
6.6627
6.6212
6.5784
6.4856
6.2235
6.3857
6.5952
6.5765
6.4907
6.1784
6.3063
6.0836
6.3834
6.6105
6.3456
6.3888
6.0938
6.1022
6.2641
6.2083
6.5472
6.3216
6.1056
5.898
6.0949
6.0685
6.2189
6.191
5.9194
6.1535
6.0274
6.1752
5.8246
6.0255
5.9252
5.7952
5.6934
5.9832
5.7164
6.1301
5.5523
5.7821
5.6866
5.5425
5.7958
5.8086
5.666
5.5776
5.6149
5.8763
5.7913
5.9511
5.7794
5.648
5.7008
5.909
5.7304
5.5745
5.6376
5.369
5.4979
5.4757
5.5099
5.4629
5.4307
5.4224
5.2326
5.027
5.3606
5.2572
5.3476
5.5447
4.9883
5.2641
5.1215
5.3348
5.1735
5.4002
5.0404
5.2467
4.9889
5.3931
5.1911
5.1328
5.1652
4.9841
4.9241
4.9792
5.1725
5.1216
5.1998
4.9987
4.9733
4.9412
4.9199
5.059
4.9439
5.2366
4.8592
4.6082
4.7705
4.8183
4.822
4.7805
5.0257
4.4166
4.7257
4.6484
4.6319
4.9462
4.8084
4.8905
4.5254
4.6601
4.4091
4.6737
4.6188
4.7879
4.468
4.5728
4.5261
4.6572
4.5463
4.5788
4.5498
4.5331
4.2452
4.398
4.3986
4.5093
4.3757
4.4744
4.3314
4.3278
4.2023
4.2217
4.1614
4.3157
4.0606
4.4763
4.2085
3.9697
4.4268
3.9751
4.4048
4.0314
4.3194
4.0164
4.1014
4.1994
4.1133
4.127
4.2597
4.1167
4.1299
4.1212
3.9505
4.034
4.0485
4.0582
4.0097
4.2086
3.9065
3.8786
3.8639
3.9527
3.8171
3.8675
3.8911
3.8415
3.6802
3.7116
3.7221
3.7832
3.8405
3.7388
3.7029
3.9309
3.3289
4.0531
3.5336
3.6152
3.8728
3.6314
3.8273
3.5179
3.7795
3.5308
3.6099
3.645
3.565
3.69
3.6423
3.515
3.6853
3.4801
3.5706
3.4967
3.559
3.5105
3.5139
3.3842
3.5317
3.292
3.5422
3.3602
3.3946
3.3423
3.4532
3.2726
3.223
3.3291
3.2715
3.2607
3.3364
3.3076
3.2672
3.3529
2.9388
3.4842
3.0134
3.2796
3.2655
3.1811
3.4223
3.1287
3.1935
3.1394
3.0157
3.1277
3.1714
3.1503
3.2418
3.2191
3.0675
3.15
3.0456
3.1466
3.1495
2.9762
3.0189
3.1009
2.9424
2.901
2.8984
2.8288
2.9749
2.7825
3.0348
2.9016
2.9117
2.7549
2.7333
2.8062
2.8254
2.8086
2.7613
2.7976
2.8432
2.9867
2.7693
2.4893
2.8081
2.6808
2.765
2.6699
2.7436
2.6969
2.8245
2.6476
2.6933
2.7946
2.5971
2.7297
2.7485
2.7
2.6379
2.6311
2.6087
2.5881
2.5181
2.5283
2.5963
2.5719
2.6291
2.4898
2.6231
2.4751
2.5507
2.4377
2.4864
2.4554
2.5108
2.3858
2.5383
2.3513
2.5184
2.298
2.4537
2.3304
2.3237
2.2894
2.4026
2.3294
2.4084
2.3899
2.5153
2.157
2.2913
2.2865
2.2701
2.2759
2.2708
2.2512
2.4003
2.2532
2.2765
2.2362
2.1903
2.2869
2.0759
2.2885
2.1887
2.2532
2.2636
2.3445
2.0638
2.1636
2.0165
2.1453
2.0438
2.2383
2.0447
2.1897
2.0086
2.1508
2.02
2.0566
1.9833
2.0487
1.9364
2.0458
2.0067
2.0052
2.0597
1.9765
1.9535
1.9686
1.8763
1.8614
1.9065
1.912
1.8644
1.9437
1.8799
1.9964
1.8727
2.1447
1.7519
1.9247
1.7333
1.8138
1.8355
1.8414
1.8868
1.8241
1.862
1.9252
1.7707
1.8308
1.7355
1.8116
1.7945
1.731
1.885
1.7287
1.8563
1.6847
1.9755
1.6312
1.7676
1.7196
1.6388
1.7078
1.6172
1.7972
1.6322
1.7122
1.5996
1.6513
1.7996
1.8317
1.4922
1.4339
1.7437
1.4819
1.6563
1.5333
1.6317
1.4922
1.6048
1.5582
1.572
1.5503
1.5358
1.4536
1.5393
1.4781
1.5157
1.4374
1.5392
1.4287
1.5372
1.4563
1.6359
1.4725
1.3278
1.4538
1.441
1.4119
1.3596
1.4562
1.4137
1.3846
1.4715
1.4305
1.5007
1.3599
1.4267
1.3184
1.347
1.4325
1.2942
1.3089
1.3948
1.3528
1.3706
1.2914
1.3647
1.3862
1.2529
1.3353
1.2999
1.3291
1.1961
1.2919
1.2404
1.3389
1.1811
1.2936
1.1819
1.3114
1.158
1.5286
1.1751
1.0531
1.1582
1.1981
1.1432
1.1993
1.1496
1.2098
1.15
1.129
1.1957
1.124
1.2245
1.1352
1.1308
1.0999
1.0968
1.0798
1.1109
1.0969
1.0504
1.0973
1.0632
1.1099
1.0605
1.109
1.0397
1.2826
0.9748
0.9918
1.0782
1.0212
1.0432
0.9854
1.0418
1.0187
1.04
0.9853
1.0512
0.992
1.0743
0.9525
1.0175
0.9918
1.0133
0.9215
1.0183
0.9514
0.921
0.9827
0.9686
0.9862
0.9158
0.9818
0.8998
0.9517
0.9942
0.8385
0.9861
0.8036
0.988
0.8691
0.8458
0.9049
0.8232
0.9343
0.8504
0.8548
0.8769
0.8355
0.8375
0.8806
0.8265
0.9465
0.8443
0.6421
0.9219
0.7343
0.7724
0.8326
0.6977
0.8585
0.7175
0.85
0.7577
0.7729
0.7735
0.7528
0.7094
0.8152
0.8154
0.6888
0.7021
0.7383
0.6999
0.7683
0.6522
0.7458
